0 0.43776041666666665 0.46435185185185185 0.1171875 0.31574074074074077
0 0.33125 0.4425925925925926 0.13020833333333334 0.31666666666666665
0 0.25026041666666665 0.43842592592592594 0.09427083333333333 0.30092592592592593
0 0.5526041666666667 0.5013888888888889 0.10833333333333334 0.36203703703703705
0 0.6393229166666666 0.524074074074074 0.08697916666666666 0.2537037037037037
0 0.7234375 0.4888888888888889 0.09166666666666666 0.2740740740740741
0 0.82421875 0.4949074074074074 0.11197916666666667 0.21944444444444444
0 0.5916666666666667 0.7754629629629629 0.1 0.2861111111111111
0 0.6822916666666666 0.7027777777777777 0.109375 0.19814814814814816
0 0.4953125 0.7481481481481481 0.103125 0.31666666666666665
0 0.4192708333333333 0.7074074074074074 0.0875 0.27037037037037037
0 0.34869791666666666 0.6907407407407408 0.06822916666666666 0.30925925925925923
0 0.7963541666666667 0.6606481481481481 0.140625 0.18425925925925926
0 0.28177083333333336 0.7416666666666667 0.07708333333333334 0.31851851851851853
0 0.9083333333333333 0.5259259259259259 0.09583333333333334 0.19814814814814816
0 0.23177083333333334 0.6601851851851852 0.03229166666666667 0.1537037037037037