0 0.5125 0.4722222222222222 0.14583333333333334 0.5407407407407407
0 0.63125 0.5 0.09479166666666666 0.4074074074074074
0 0.3697916666666667 0.43703703703703706 0.14166666666666666 0.4981481481481482
0 0.7158854166666667 0.4685185185185185 0.08489583333333334 0.4166666666666667
0 0.76796875 0.4111111111111111 0.0578125 0.3314814814814815
0 0.26119791666666664 0.3597222222222222 0.09322916666666667 0.46574074074074073
0 0.1859375 0.2657407407407407 0.0625 0.4703703703703704
0 0.24583333333333332 0.649074074074074 0.08125 0.34074074074074073
0 0.31640625 0.6921296296296297 0.0703125 0.27685185185185185
0 0.39036458333333335 0.7615740740740741 0.06302083333333333 0.16203703703703703
0 0.46588541666666666 0.7606481481481482 0.058854166666666666 0.1675925925925926
0 0.5286458333333334 0.7810185185185186 0.053125 0.09722222222222222
0 0.5981770833333333 0.7435185185185185 0.06510416666666667 0.16111111111111112
0 0.18463541666666666 0.5574074074074075 0.049479166666666664 0.1574074074074074