0 0.6072916666666667 0.4203703703703704 0.128125 0.1925925925925926
0 0.6416666666666667 0.6263888888888889 0.08125 0.24351851851851852
0 0.5682291666666667 0.6287037037037037 0.075 0.2388888888888889
0 0.4765625 0.4203703703703704 0.128125 0.19444444444444445
0 0.49270833333333336 0.6356481481481482 0.07916666666666666 0.23981481481481481
0 0.7104166666666667 0.6175925925925926 0.084375 0.22407407407407406
0 0.70703125 0.41574074074074074 0.09322916666666667 0.18703703703703703
0 0.37552083333333336 0.40925925925925927 0.08125 0.1925925925925926
0 0.42135416666666664 0.6134259259259259 0.08333333333333333 0.23425925925925925
0 0.3575520833333333 0.6212962962962963 0.07447916666666667 0.24074074074074073
0 0.76640625 0.5879629629629629 0.050520833333333334 0.18703703703703703
0 0.77578125 0.41712962962962963 0.06302083333333333 0.20092592592592592
0 0.3104166666666667 0.412962962962963 0.05625 0.21666666666666667
0 0.30182291666666666 0.5921296296296297 0.04635416666666667 0.15648148148148147
0 0.27057291666666666 0.5365740740740741 0.043229166666666666 0.13425925925925927
0 0.2515625 0.39814814814814814 0.029166666666666667 0.13703703703703704
0 0.2747395833333333 0.4148148148148148 0.021354166666666667 0.13518518518518519
0 0.23984375 0.4912037037037037 0.0390625 0.14907407407407408
0 0.8005208333333333 0.5509259259259259 0.027083333333333334 0.10555555555555556
0 0.8174479166666667 0.4111111111111111 0.03177083333333333 0.18888888888888888