0 0.5325520833333334 0.937962962962963 0.09739583333333333 0.12037037037037036
0 0.4510416666666667 0.9310185185185185 0.090625 0.13425925925925927
0 0.62109375 0.9453703703703704 0.10364583333333334 0.10555555555555556
0 0.6986979166666667 0.9375 0.08072916666666667 0.12129629629629629
0 0.7419270833333333 0.913425925925926 0.09739583333333333 0.14351851851851852
0 0.7825520833333334 0.8643518518518518 0.10677083333333333 0.13425925925925927
0 0.37057291666666664 0.9125 0.1140625 0.1712962962962963
0 0.278125 0.9217592592592593 0.12083333333333333 0.1527777777777778
0 0.20338541666666668 0.8703703703703703 0.10364583333333334 0.18333333333333332
0 0.16536458333333334 0.7777777777777778 0.11927083333333334 0.17777777777777778
0 0.14036458333333332 0.6615740740740741 0.11927083333333334 0.15648148148148147
0 0.13489583333333333 0.5157407407407407 0.11041666666666666 0.17037037037037037