0 0.44140625 0.4439814814814815 0.10989583333333333 0.22314814814814815
0 0.55234375 0.44212962962962965 0.1109375 0.21203703703703702
0 0.64765625 0.45092592592592595 0.08072916666666667 0.18888888888888888
0 0.7270833333333333 0.46111111111111114 0.07708333333333334 0.2
0 0.35651041666666666 0.4564814814814815 0.06927083333333334 0.18703703703703703
0 0.2828125 0.4486111111111111 0.07708333333333334 0.19907407407407407
0 0.2390625 0.48148148148148145 0.052083333333333336 0.14814814814814814
0 0.20026041666666666 0.4773148148148148 0.030729166666666665 0.13425925925925927
0 0.7846354166666667 0.4861111111111111 0.05364583333333333 0.16111111111111112
0 0.8247395833333333 0.4925925925925926 0.0390625 0.14629629629629629
0 0.8567708333333334 0.4898148148148148 0.040625 0.14074074074074075
0 0.88984375 0.46064814814814814 0.030729166666666665 0.11574074074074074
0 0.34765625 0.5995370370370371 0.07864583333333333 0.15833333333333333
0 0.4161458333333333 0.6069444444444444 0.07708333333333334 0.1287037037037037
0 0.48671875 0.5925925925925926 0.06614583333333333 0.12037037037037036
0 0.55390625 0.5976851851851852 0.06614583333333333 0.10833333333333334
0 0.6236979166666666 0.5935185185185186 0.0640625 0.14814814814814814
0 0.6856770833333333 0.6087962962962963 0.06927083333333334 0.17314814814814813
0 0.7434895833333334 0.6092592592592593 0.0515625 0.13703703703703704
0 0.28932291666666665 0.5958333333333333 0.059895833333333336 0.1527777777777778
0 0.7861979166666667 0.6087962962962963 0.04635416666666667 0.11388888888888889
0 0.8263020833333333 0.6064814814814815 0.0640625 0.11851851851851852
0 0.24765625 0.5902777777777778 0.049479166666666664 0.12129629629629629