0 0.44479166666666664 0.4027777777777778 0.11458333333333333 0.29259259259259257
0 0.56171875 0.4111111111111111 0.11822916666666666 0.26666666666666666
0 0.6528645833333333 0.3597222222222222 0.09114583333333333 0.225
0 0.7380208333333333 0.33194444444444443 0.08229166666666667 0.20833333333333334
0 0.7934895833333333 0.24722222222222223 0.04010416666666667 0.19074074074074074
0 0.8231770833333333 0.1962962962962963 0.030729166666666665 0.15
0 0.34817708333333336 0.3574074074074074 0.08802083333333334 0.2851851851851852
0 0.25390625 0.2972222222222222 0.1046875 0.2777777777777778
0 0.19296875 0.24259259259259258 0.05677083333333333 0.25555555555555554
0 0.15338541666666666 0.20185185185185187 0.0484375 0.26481481481481484
0 0.11979166666666667 0.17546296296296296 0.051041666666666666 0.24166666666666667
0 0.8552083333333333 0.15462962962962962 0.040625 0.12777777777777777