0 0.5955729166666667 0.4625 0.14635416666666667 0.28425925925925927
0 0.46510416666666665 0.5231481481481481 0.128125 0.21296296296296297
0 0.3190104166666667 0.5449074074074074 0.17239583333333333 0.20277777777777778
0 0.5372395833333333 0.7462962962962963 0.13489583333333333 0.24074074074074073
0 0.15729166666666666 0.5726851851851852 0.15729166666666666 0.175
0 0.7296875 0.46296296296296297 0.128125 0.2537037037037037
0 0.8578125 0.4583333333333333 0.15729166666666666 0.2796296296296296
0 0.6572916666666667 0.7125 0.13020833333333334 0.24722222222222223
0 0.7588541666666667 0.6722222222222223 0.084375 0.17962962962962964
0 0.41875 0.762962962962963 0.12291666666666666 0.19814814814814816
0 0.28828125 0.7754629629629629 0.15364583333333334 0.16944444444444445
0 0.15546875 0.7907407407407407 0.1265625 0.14814814814814814