0 0.44296875 0.4583333333333333 0.16510416666666666 0.25925925925925924
0 0.6002604166666666 0.44583333333333336 0.17447916666666666 0.27685185185185185
0 0.7341145833333333 0.45416666666666666 0.14427083333333332 0.25833333333333336
0 0.8671875 0.45231481481481484 0.13333333333333333 0.3138888888888889
0 0.30416666666666664 0.43657407407407406 0.12291666666666666 0.2953703703703704
0 0.19453125 0.45185185185185184 0.12239583333333333 0.2537037037037037
0 0.10078125 0.4666666666666667 0.0953125 0.24074074074074073
0 0.09921875 0.6949074074074074 0.0921875 0.2675925925925926
0 0.2 0.6796296296296296 0.109375 0.2574074074074074
0 0.30234375 0.6606481481481481 0.12447916666666667 0.23425925925925925
0 0.41822916666666665 0.6361111111111111 0.11875 0.16666666666666666
0 0.6677083333333333 0.6685185185185185 0.10833333333333334 0.24259259259259258
0 0.7627604166666667 0.6861111111111111 0.12239583333333333 0.26666666666666666
0 0.8682291666666667 0.6847222222222222 0.11979166666666667 0.2564814814814815
0 0.9622395833333334 0.5569444444444445 0.0734375 0.2675925925925926