0 0.5486979166666667 0.38472222222222224 0.14114583333333333 0.2564814814814815
0 0.67734375 0.3541666666666667 0.1328125 0.25833333333333336
0 0.79375 0.3162037037037037 0.13020833333333334 0.27685185185185185
0 0.41354166666666664 0.4134259259259259 0.13229166666666667 0.2324074074074074
0 0.28958333333333336 0.4273148148148148 0.11666666666666667 0.1824074074074074
0 0.15338541666666666 0.4375 0.1609375 0.1824074074074074
0 0.2109375 0.586574074074074 0.17916666666666667 0.17314814814814813
0 0.484375 0.5912037037037037 0.13125 0.225
0 0.61484375 0.6060185185185185 0.12760416666666666 0.28055555555555556
0 0.7302083333333333 0.5995370370370371 0.10729166666666666 0.28055555555555556
0 0.8213541666666667 0.6032407407407407 0.078125 0.25277777777777777
0 0.8908854166666667 0.5837962962962963 0.08697916666666666 0.2657407407407407
0 0.8971354166666666 0.30462962962962964 0.09739583333333333 0.2759259259259259
0 0.3572916666666667 0.5819444444444445 0.12291666666666666 0.1787037037037037