0 0.5809895833333333 0.44351851851851853 0.10364583333333334 0.21666666666666667
0 0.4752604166666667 0.4462962962962963 0.10260416666666666 0.21851851851851853
0 0.31796875 0.45740740740740743 0.07239583333333334 0.18703703703703703
0 0.3880208333333333 0.4532407407407407 0.07708333333333334 0.20277777777777778
0 0.7526041666666666 0.46574074074074073 0.08125 0.18333333333333332
0 0.6723958333333333 0.4449074074074074 0.08333333333333333 0.20462962962962963
0 0.8151041666666666 0.46620370370370373 0.052083333333333336 0.1712962962962963
0 0.8518229166666667 0.4736111111111111 0.0484375 0.1361111111111111
0 0.6697916666666667 0.6407407407407407 0.08125 0.18518518518518517
0 0.5263020833333333 0.6189814814814815 0.06822916666666666 0.14907407407407408
0 0.45703125 0.6203703703703703 0.07135416666666666 0.17037037037037037
0 0.3921875 0.6212962962962963 0.06458333333333334 0.1388888888888889
0 0.3372395833333333 0.625462962962963 0.05677083333333333 0.175
0 0.7341145833333333 0.6143518518518518 0.0828125 0.1787037037037037
0 0.5994791666666667 0.6226851851851852 0.075 0.1675925925925926
0 0.2677083333333333 0.46805555555555556 0.052083333333333336 0.15648148148148147
0 0.20625 0.4703703703703704 0.06354166666666666 0.14629629629629629
0 0.28541666666666665 0.625 0.052083333333333336 0.15555555555555556
0 0.7815104166666667 0.5949074074074074 0.043229166666666666 0.12685185185185185
0 0.8848958333333333 0.4685185185185185 0.04791666666666667 0.12037037037037036
0 0.21354166666666666 0.6111111111111112 0.06145833333333333 0.13703703703703704
0 0.2518229166666667 0.6106481481481482 0.03177083333333333 0.11018518518518519
0 0.825 0.600462962962963 0.04895833333333333 0.09907407407407408