0 0.3138020833333333 0.6611111111111111 0.09947916666666666 0.19814814814814816
0 0.409375 0.6958333333333333 0.09375 0.18981481481481483
0 0.5080729166666667 0.7064814814814815 0.10572916666666667 0.1925925925925926
0 0.6114583333333333 0.6930555555555555 0.10520833333333333 0.2101851851851852
0 0.7080729166666667 0.6648148148148149 0.09114583333333333 0.2222222222222222
0 0.22604166666666667 0.6180555555555556 0.09895833333333333 0.1675925925925926
0 0.16171875 0.5481481481481482 0.09010416666666667 0.14814814814814814
0 0.2 0.27361111111111114 0.075 0.21203703703703702
0 0.28802083333333334 0.2740740740740741 0.10625 0.2074074074074074
0 0.4239583333333333 0.30416666666666664 0.17083333333333334 0.24537037037037038
0 0.5932291666666667 0.29583333333333334 0.16875 0.25462962962962965
0 0.7247395833333333 0.29305555555555557 0.09947916666666666 0.20833333333333334
0 0.8151041666666666 0.27546296296296297 0.08541666666666667 0.20277777777777778
0 0.8791666666666667 0.23425925925925925 0.052083333333333336 0.13703703703703704
0 0.14036458333333332 0.2273148148148148 0.0515625 0.16203703703703703
0 0.784375 0.6134259259259259 0.115625 0.20092592592592592
0 0.8302083333333333 0.5305555555555556 0.11666666666666667 0.15925925925925927