0 0.41744791666666664 0.38287037037037036 0.19947916666666668 0.27314814814814814
0 0.61953125 0.38935185185185184 0.2109375 0.27314814814814814
0 0.7838541666666666 0.3814814814814815 0.15833333333333333 0.2462962962962963
0 0.24661458333333333 0.36527777777777776 0.15885416666666666 0.2657407407407407
0 0.12942708333333333 0.3509259259259259 0.09947916666666666 0.2351851851851852
0 0.04609375 0.3449074074074074 0.09114583333333333 0.21574074074074073
0 0.13125 0.549537037037037 0.1375 0.1675925925925926
0 0.22630208333333332 0.5736111111111111 0.11927083333333334 0.1787037037037037
0 0.33984375 0.5833333333333334 0.12239583333333333 0.1925925925925926
0 0.46796875 0.6055555555555555 0.1234375 0.17777777777777778
0 0.5984375 0.6101851851851852 0.134375 0.17592592592592593
0 0.70390625 0.5879629629629629 0.13177083333333334 0.20185185185185187
0 0.80390625 0.5861111111111111 0.1078125 0.18333333333333332
0 0.8979166666666667 0.5569444444444445 0.12291666666666666 0.19907407407407407
0 0.9018229166666667 0.3587962962962963 0.10260416666666666 0.20833333333333334