0 0.56875 0.4273148148148148 0.12083333333333333 0.22685185185185186
0 0.4510416666666667 0.43472222222222223 0.115625 0.20833333333333334
0 0.6809895833333334 0.5740740740740741 0.06197916666666667 0.18703703703703703
0 0.7346354166666667 0.4134259259259259 0.06197916666666667 0.18981481481481483
0 0.6643229166666667 0.42824074074074076 0.08177083333333333 0.175
0 0.3611979166666667 0.43194444444444446 0.0671875 0.175
0 0.48020833333333335 0.6046296296296296 0.06875 0.16666666666666666
0 0.5479166666666667 0.6069444444444444 0.071875 0.14907407407407408
0 0.7877604166666666 0.5291666666666667 0.0515625 0.125
0 0.3 0.4212962962962963 0.06979166666666667 0.19814814814814816
0 0.35 0.5796296296296296 0.06354166666666666 0.19074074074074074
0 0.40989583333333335 0.5861111111111111 0.07291666666666667 0.17777777777777778
0 0.6190104166666667 0.5902777777777778 0.0765625 0.18425925925925926
0 0.740625 0.5606481481481481 0.06041666666666667 0.13240740740740742
0 0.79140625 0.39351851851851855 0.0515625 0.15555555555555556
0 0.25364583333333335 0.4134259259259259 0.051041666666666666 0.1712962962962963
0 0.2916666666666667 0.562037037037037 0.05520833333333333 0.14074074074074075
0 0.2565104166666667 0.5356481481481481 0.0484375 0.11203703703703703
0 0.21927083333333333 0.3962962962962963 0.03125 0.1425925925925926
0 0.21302083333333333 0.49398148148148147 0.051041666666666666 0.13055555555555556
0 0.82734375 0.38842592592592595 0.050520833333333334 0.15833333333333333
0 0.8348958333333333 0.5050925925925925 0.06666666666666667 0.12314814814814815
0 0.8752604166666667 0.3509259259259259 0.0515625 0.1425925925925926