0 0.32760416666666664 0.45185185185185184 0.08645833333333333 0.18518518518518517
0 0.4244791666666667 0.44074074074074077 0.1125 0.2111111111111111
0 0.5372395833333333 0.43703703703703706 0.11197916666666667 0.22037037037037038
0 0.63515625 0.43657407407407406 0.0859375 0.19537037037037036
0 0.72265625 0.4263888888888889 0.08489583333333334 0.1935185185185185
0 0.7885416666666667 0.40324074074074073 0.05 0.14907407407407408
0 0.8299479166666667 0.3814814814814815 0.03697916666666667 0.13333333333333333
0 0.24895833333333334 0.42083333333333334 0.071875 0.18981481481481483
0 0.19947916666666668 0.41712962962962963 0.035416666666666666 0.12129629629629629
0 0.8802083333333334 0.3435185185185185 0.06041666666666667 0.12037037037037036
0 0.7653645833333333 0.8185185185185185 0.11822916666666666 0.11296296296296296
0 0.8098958333333334 0.7300925925925926 0.15416666666666667 0.1638888888888889
0 0.8575520833333333 0.6305555555555555 0.1765625 0.23148148148148148
0 0.25807291666666665 0.8245370370370371 0.1265625 0.125
0 0.22213541666666667 0.7425925925925926 0.1578125 0.17407407407407408
0 0.19088541666666667 0.6175925925925926 0.1484375 0.1574074074074074