0 0.56484375 0.462037037037037 0.1359375 0.26851851851851855
0 0.42682291666666666 0.44675925925925924 0.14114583333333333 0.30092592592592593
0 0.3028645833333333 0.44305555555555554 0.1046875 0.31203703703703706
0 0.7580729166666667 0.42592592592592593 0.07864583333333333 0.34629629629629627
0 0.6760416666666667 0.46064814814814814 0.090625 0.25092592592592594
0 0.21953125 0.42407407407407405 0.08697916666666666 0.3537037037037037
0 0.81015625 0.4023148148148148 0.058854166666666666 0.2898148148148148
0 0.5830729166666667 0.6712962962962963 0.07760416666666667 0.18888888888888888
0 0.6661458333333333 0.6694444444444444 0.07604166666666666 0.18703703703703703
0 0.4981770833333333 0.6671296296296296 0.07135416666666666 0.17314814814814813
0 0.4119791666666667 0.6782407407407407 0.07916666666666666 0.16203703703703703
0 0.32890625 0.6652777777777777 0.058854166666666666 0.14722222222222223
0 0.2552083333333333 0.6837962962962963 0.06354166666666666 0.19166666666666668