0 0.66484375 0.4324074074074074 0.2296875 0.5833333333333334
0 0.8197916666666667 0.33611111111111114 0.159375 0.4351851851851852
0 0.26536458333333335 0.42685185185185187 0.14322916666666666 0.4537037037037037
0 0.44114583333333335 0.4546296296296296 0.21770833333333334 0.5851851851851851
0 0.5434895833333333 0.7949074074074074 0.10572916666666667 0.2175925925925926
0 0.27317708333333335 0.7601851851851852 0.1203125 0.3037037037037037
0 0.9315104166666667 0.26851851851851855 0.1140625 0.4722222222222222
0 0.13229166666666667 0.3912037037037037 0.13229166666666667 0.47685185185185186
0 0.39348958333333334 0.7800925925925926 0.1109375 0.16018518518518518
0 0.15208333333333332 0.6833333333333333 0.12604166666666666 0.2611111111111111
0 0.8104166666666667 0.6486111111111111 0.090625 0.275
0 0.9080729166666667 0.6023148148148149 0.10364583333333334 0.27685185185185185
0 0.6796875 0.7791666666666667 0.09895833333333333 0.15092592592592594