0 0.14661458333333333 0.7134259259259259 0.16510416666666666 0.2212962962962963
0 0.19036458333333334 0.5236111111111111 0.17552083333333332 0.24166666666666667
0 0.2265625 0.3527777777777778 0.140625 0.1685185185185185
0 0.2640625 0.2111111111111111 0.11458333333333333 0.17777777777777778
0 0.33229166666666665 0.12453703703703704 0.10729166666666666 0.1361111111111111
0 0.43046875 0.07175925925925926 0.12760416666666666 0.1398148148148148
0 0.5552083333333333 0.06805555555555555 0.13229166666666667 0.13425925925925927
0 0.66484375 0.1087962962962963 0.1078125 0.1527777777777778
0 0.7388020833333333 0.19212962962962962 0.12135416666666667 0.18611111111111112
0 0.7755208333333333 0.33240740740740743 0.14791666666666667 0.16296296296296298
0 0.8260416666666667 0.5018518518518519 0.17395833333333333 0.26296296296296295
0 0.85546875 0.6944444444444444 0.1703125 0.2
0 0.8950520833333333 0.8416666666666667 0.15572916666666667 0.1814814814814815