0 0.4236979166666667 0.42314814814814816 0.2942708333333333 0.3611111111111111
0 0.6247395833333333 0.6944444444444444 0.18489583333333334 0.25
0 0.4393229166666667 0.700925925925926 0.17760416666666667 0.25
0 0.7838541666666666 0.7041666666666667 0.18125 0.30648148148148147
0 0.265625 0.6712962962962963 0.16875 0.3296296296296296
0 0.20859375 0.4041666666666667 0.17864583333333334 0.26944444444444443
0 0.134375 0.6726851851851852 0.1125 0.33240740740740743
0 0.92265625 0.43796296296296294 0.15260416666666668 0.3074074074074074
0 0.9239583333333333 0.7476851851851852 0.15 0.3398148148148148
0 0.06328125 0.37916666666666665 0.12552083333333333 0.2935185185185185
0 0.04505208333333333 0.6388888888888888 0.0890625 0.24444444444444444