0 0.43307291666666664 0.5101851851851852 0.1390625 0.49074074074074076
0 0.5651041666666666 0.49953703703703706 0.13229166666666667 0.46574074074074073
0 0.70234375 0.5013888888888889 0.14635416666666667 0.39351851851851855
0 0.825 0.45231481481481484 0.13229166666666667 0.38796296296296295
0 0.9263020833333333 0.4134259259259259 0.10989583333333333 0.2935185185185185
0 0.30625 0.44675925925925924 0.12604166666666666 0.39351851851851855
0 0.17682291666666666 0.43657407407407406 0.13697916666666668 0.3638888888888889
0 0.09140625 0.35694444444444445 0.11614583333333334 0.262037037037037
0 0.24921875 0.09212962962962963 0.1546875 0.17685185185185184
0 0.42526041666666664 0.10462962962962963 0.21302083333333333 0.20185185185185187
0 0.63515625 0.11527777777777778 0.21614583333333334 0.22314814814814815
0 0.8104166666666667 0.10648148148148148 0.140625 0.20555555555555555
0 0.93671875 0.13287037037037036 0.12447916666666667 0.262037037037037
0 0.12473958333333333 0.11157407407407408 0.1078125 0.21944444444444444