0 0.3658854166666667 0.5347222222222222 0.1171875 0.2712962962962963
0 0.5888020833333333 0.5587962962962963 0.09947916666666666 0.25833333333333336
0 0.6763020833333333 0.5685185185185185 0.09322916666666667 0.25
0 0.4783854166666667 0.5453703703703704 0.12864583333333332 0.28703703703703703
0 0.27239583333333334 0.5208333333333334 0.10208333333333333 0.23425925925925925
0 0.17213541666666668 0.5171296296296296 0.14114583333333333 0.2953703703703704
0 0.7494791666666667 0.5828703703703704 0.084375 0.2712962962962963
0 0.81875 0.5763888888888888 0.071875 0.25462962962962965
0 0.875 0.587037037037037 0.06666666666666667 0.29444444444444445
0 0.9083333333333333 0.5893518518518519 0.053125 0.275
0 0.5419270833333333 0.21435185185185185 0.11822916666666666 0.3138888888888889
0 0.6744791666666666 0.22314814814814815 0.15416666666666667 0.3351851851851852
0 0.8119791666666667 0.24814814814814815 0.13333333333333333 0.3148148148148148
0 0.90234375 0.26296296296296295 0.07864583333333333 0.28888888888888886
0 0.95859375 0.2796296296296296 0.06927083333333334 0.31296296296296294
0 0.41640625 0.19675925925925927 0.1359375 0.3490740740740741
0 0.30026041666666664 0.1935185185185185 0.10052083333333334 0.2962962962962963
0 0.20677083333333332 0.20277777777777778 0.090625 0.26666666666666666
0 0.12552083333333333 0.18425925925925926 0.090625 0.2611111111111111
0 0.07083333333333333 0.44907407407407407 0.121875 0.2462962962962963