0 0.5703125 0.41388888888888886 0.115625 0.3425925925925926
0 0.46119791666666665 0.4009259259259259 0.1109375 0.37222222222222223
0 0.3299479166666667 0.39166666666666666 0.14947916666666666 0.4
0 0.19895833333333332 0.36203703703703705 0.134375 0.4111111111111111
0 0.48802083333333335 0.6875 0.10833333333333334 0.30462962962962964
0 0.40572916666666664 0.6888888888888889 0.09479166666666666 0.29444444444444445
0 0.24895833333333334 0.6824074074074075 0.096875 0.2462962962962963
0 0.6901041666666666 0.49583333333333335 0.13645833333333332 0.21574074074074073
0 0.58515625 0.6699074074074074 0.09010416666666667 0.20462962962962963
0 0.18671875 0.6550925925925926 0.07864583333333333 0.20277777777777778
0 0.72890625 0.6083333333333333 0.13385416666666666 0.17037037037037037
0 0.646875 0.6083333333333333 0.06979166666666667 0.21481481481481482