0 0.43776041666666665 0.39166666666666666 0.2015625 0.2740740740740741
0 0.63515625 0.38425925925925924 0.19114583333333332 0.29074074074074074
0 0.7854166666666667 0.3972222222222222 0.12395833333333334 0.24814814814814815
0 0.8861979166666667 0.4097222222222222 0.0984375 0.262037037037037
0 0.2721354166666667 0.4060185185185185 0.13802083333333334 0.22314814814814815
0 0.1421875 0.375 0.13125 0.3296296296296296
0 0.5682291666666667 0.6023148148148149 0.09895833333333333 0.1824074074074074
0 0.7760416666666666 0.6273148148148148 0.11979166666666667 0.24351851851851852
0 0.6770833333333334 0.6013888888888889 0.09895833333333333 0.15462962962962962
0 0.45729166666666665 0.575 0.11458333333333333 0.10740740740740741
0 0.34609375 0.5902777777777778 0.13489583333333333 0.16944444444444445
0 0.23619791666666667 0.6152777777777778 0.1234375 0.2638888888888889
0 0.11276041666666667 0.6268518518518519 0.13489583333333333 0.2777777777777778
0 0.871875 0.6134259259259259 0.09479166666666666 0.21574074074074073