0 0.45755208333333336 0.3365740740740741 0.14114583333333333 0.2212962962962963
0 0.5986979166666667 0.337037037037037 0.14114583333333333 0.22407407407407406
0 0.7125 0.33101851851851855 0.096875 0.19537037037037036
0 0.34296875 0.3263888888888889 0.0921875 0.1935185185185185
0 0.26536458333333335 0.3189814814814815 0.07135416666666666 0.19722222222222222
0 0.79453125 0.3287037037037037 0.07447916666666667 0.1962962962962963
0 0.20416666666666666 0.3101851851851852 0.05625 0.1648148148148148
0 0.7390625 0.4671296296296296 0.08645833333333333 0.11574074074074074
0 0.6619791666666667 0.46574074074074073 0.07291666666666667 0.08518518518518518
0 0.5833333333333334 0.48194444444444445 0.065625 0.06759259259259259
0 0.5205729166666667 0.48194444444444445 0.0578125 0.06944444444444445
0 0.43307291666666664 0.4722222222222222 0.06614583333333333 0.06666666666666667
0 0.3419270833333333 0.47685185185185186 0.08489583333333334 0.12037037037037036
0 0.27265625 0.44814814814814813 0.0796875 0.09259259259259259
0 0.7966145833333333 0.47175925925925927 0.07239583333333334 0.14166666666666666