0 0.42890625 0.40046296296296297 0.14947916666666666 0.30833333333333335
0 0.6151041666666667 0.38842592592592595 0.15625 0.2824074074074074
0 0.27239583333333334 0.36574074074074076 0.12604166666666666 0.3314814814814815
0 0.20416666666666666 0.4060185185185185 0.07916666666666666 0.33240740740740743
0 0.7322916666666667 0.35185185185185186 0.11770833333333333 0.3537037037037037
0 0.8015625 0.37592592592592594 0.06770833333333333 0.3574074074074074
0 0.4901041666666667 0.6407407407407407 0.10208333333333333 0.337037037037037
0 0.5942708333333333 0.6606481481481481 0.10520833333333333 0.27870370370370373
0 0.3846354166666667 0.649074074074074 0.10677083333333333 0.35555555555555557
0 0.2916666666666667 0.663425925925926 0.10104166666666667 0.2824074074074074
0 0.68125 0.6314814814814815 0.11458333333333333 0.2777777777777778
0 0.7697916666666667 0.6189814814814815 0.078125 0.35648148148148145
0 0.14713541666666666 0.4050925925925926 0.06510416666666667 0.275
0 0.21692708333333333 0.6578703703703703 0.06927083333333334 0.23981481481481481
0 0.15989583333333332 0.6365740740740741 0.06145833333333333 0.20462962962962963
0 0.09140625 0.38981481481481484 0.08697916666666666 0.19444444444444445