0 0.5565104166666667 0.3143518518518518 0.0609375 0.09537037037037037
0 0.62421875 0.30925925925925923 0.04114583333333333 0.08333333333333333
0 0.4609375 0.3074074074074074 0.06145833333333333 0.0962962962962963
0 0.5453125 0.39351851851851855 0.051041666666666666 0.09074074074074075
0 0.6518229166666667 0.4148148148148148 0.049479166666666664 0.13333333333333333
0 0.6919270833333333 0.42407407407407405 0.044270833333333336 0.08518518518518518
0 0.4049479166666667 0.37824074074074077 0.0546875 0.10277777777777777
0 0.35598958333333336 0.37962962962962965 0.06302083333333333 0.11666666666666667
0 0.30807291666666664 0.3861111111111111 0.0515625 0.09074074074074075
0 0.41770833333333335 0.44074074074074077 0.017708333333333333 0.011111111111111112
0 0.26848958333333334 0.38564814814814813 0.06927083333333334 0.08425925925925926
0 0.5940104166666667 0.399537037037037 0.06302083333333333 0.10092592592592593
0 0.6890625 0.32685185185185184 0.058333333333333334 0.05925925925925926
0 0.7263020833333333 0.42268518518518516 0.030729166666666665 0.07314814814814814
0 0.7546875 0.3189814814814815 0.04375 0.04722222222222222
0 0.759375 0.40324074074074073 0.035416666666666666 0.0824074074074074