0 0.41484375 0.37407407407407406 0.15260416666666668 0.3277777777777778
0 0.5739583333333333 0.38055555555555554 0.16666666666666666 0.32592592592592595
0 0.6872395833333333 0.3972222222222222 0.08177083333333333 0.24814814814814815
0 0.7638020833333333 0.37175925925925923 0.07552083333333333 0.27314814814814814
0 0.31796875 0.4222222222222222 0.0671875 0.2351851851851852
0 0.23880208333333333 0.32407407407407407 0.0921875 0.2962962962962963
0 0.359375 0.6597222222222222 0.1 0.25833333333333336
0 0.2791666666666667 0.6263888888888889 0.07708333333333334 0.28055555555555556
0 0.45651041666666664 0.6513888888888889 0.09635416666666667 0.2490740740740741
0 0.5450520833333333 0.6523148148148148 0.0859375 0.225
0 0.6390625 0.6518518518518519 0.1 0.26481481481481484
0 0.7197916666666667 0.6217592592592592 0.078125 0.2953703703703704
0 0.2359375 0.5425925925925926 0.084375 0.21296296296296297
0 0.7703125 0.5662037037037037 0.09270833333333334 0.2064814814814815
0 0.14296875 0.33055555555555555 0.0578125 0.15925925925925927
0 0.8143229166666667 0.387037037037037 0.0484375 0.23148148148148148
0 0.8697916666666666 0.33425925925925926 0.051041666666666666 0.1537037037037037
0 0.20807291666666666 0.4009259259259259 0.07760416666666667 0.1962962962962963