0 0.44166666666666665 0.1388888888888889 0.15729166666666666 0.2074074074074074
0 0.33255208333333336 0.1912037037037037 0.12864583333333332 0.15833333333333333
0 0.240625 0.26851851851851855 0.13645833333333332 0.18518518518518517
0 0.9135416666666667 0.9393518518518519 0.17083333333333334 0.1175925925925926
0 0.5770833333333333 0.1675925925925926 0.11979166666666667 0.18703703703703703
0 0.6947916666666667 0.2351851851851852 0.13229166666666667 0.1537037037037037
0 0.21640625 0.4810185185185185 0.12447916666666667 0.14166666666666666
0 0.19401041666666666 0.6129629629629629 0.11822916666666666 0.1111111111111111
0 0.7763020833333333 0.375 0.0984375 0.12037037037037036
0 0.8234375 0.5273148148148148 0.11145833333333334 0.0824074074074074
0 0.87265625 0.7777777777777778 0.1546875 0.1814814814814815
0 0.8455729166666667 0.6620370370370371 0.13802083333333334 0.1111111111111111