0 0.4283854166666667 0.2490740740740741 0.14427083333333332 0.3388888888888889
0 0.56171875 0.23842592592592593 0.1390625 0.3287037037037037
0 0.6625 0.2550925925925926 0.10416666666666667 0.27314814814814814
0 0.3065104166666667 0.2800925925925926 0.10989583333333333 0.30092592592592593
0 0.22578125 0.2851851851851852 0.1109375 0.3314814814814815
0 0.74765625 0.27546296296296297 0.09322916666666667 0.30833333333333335
0 0.8205729166666667 0.3592592592592593 0.07239583333333334 0.29259259259259257
0 0.8583333333333333 0.37592592592592594 0.04583333333333333 0.27037037037037037
0 0.8309895833333333 0.6532407407407408 0.049479166666666664 0.23796296296296296
0 0.7690104166666667 0.5675925925925925 0.07760416666666667 0.26481481481481484
0 0.7049479166666667 0.5708333333333333 0.08489583333333334 0.287962962962963
0 0.6221354166666667 0.5657407407407408 0.0859375 0.3037037037037037
0 0.5356770833333333 0.5671296296296297 0.09635416666666667 0.3138888888888889
0 0.43723958333333335 0.5583333333333333 0.09947916666666666 0.2814814814814815
0 0.3424479166666667 0.5328703703703703 0.09322916666666667 0.2657407407407407
0 0.2518229166666667 0.537962962962963 0.09427083333333333 0.29444444444444445
0 0.16223958333333333 0.6439814814814815 0.09635416666666667 0.2953703703703704
0 0.15546875 0.32685185185185184 0.05572916666666667 0.3
0 0.12239583333333333 0.3578703703703704 0.04583333333333333 0.27685185185185185