0 0.3953125 0.274537037037037 0.17708333333333334 0.35462962962962963
0 0.5796875 0.2574074074074074 0.19270833333333334 0.37777777777777777
0 0.721875 0.25787037037037036 0.11041666666666666 0.3138888888888889
0 0.81171875 0.2800925925925926 0.08489583333333334 0.3287037037037037
0 0.25234375 0.55 0.1140625 0.35555555555555557
0 0.4453125 0.5962962962962963 0.11666666666666667 0.37777777777777777
0 0.55703125 0.5916666666666667 0.10989583333333333 0.30925925925925923
0 0.6643229166666667 0.5583333333333333 0.1140625 0.31851851851851853
0 0.7638020833333333 0.5583333333333333 0.0953125 0.3574074074074074
0 0.19453125 0.2796296296296296 0.0765625 0.3055555555555556
0 0.8278645833333333 0.5226851851851851 0.07760416666666667 0.275
0 0.3419270833333333 0.5625 0.1109375 0.30277777777777776
0 0.86796875 0.30277777777777776 0.06302083333333333 0.2518518518518518
0 0.91015625 0.28564814814814815 0.0515625 0.2212962962962963
0 0.8765625 0.49212962962962964 0.05520833333333333 0.1675925925925926
0 0.14973958333333334 0.2916666666666667 0.0578125 0.22407407407407406
0 0.17135416666666667 0.5171296296296296 0.07395833333333333 0.2564814814814815
0 0.26588541666666665 0.26944444444444443 0.08802083333333334 0.28888888888888886