0 0.48098958333333336 0.4532407407407407 0.0671875 0.13240740740740742
0 0.5471354166666667 0.45 0.06510416666666667 0.1259259259259259
0 0.596875 0.43842592592592594 0.04375 0.10277777777777777
0 0.6309895833333333 0.4287037037037037 0.030729166666666665 0.10740740740740741
0 0.42213541666666665 0.46296296296296297 0.050520833333333334 0.0962962962962963
0 0.38515625 0.45787037037037037 0.04010416666666667 0.11018518518518519
0 0.3580729166666667 0.4634259259259259 0.0328125 0.09907407407407408
0 0.37864583333333335 0.6425925925925926 0.034375 0.1037037037037037
0 0.40963541666666664 0.65 0.03802083333333333 0.09814814814814815
0 0.44817708333333334 0.6685185185185185 0.0390625 0.11666666666666667
0 0.48411458333333335 0.674074074074074 0.0421875 0.09444444444444444
0 0.5223958333333333 0.6759259259259259 0.03854166666666667 0.08888888888888889
0 0.5583333333333333 0.6569444444444444 0.03854166666666667 0.09351851851851851
0 0.5942708333333333 0.6351851851851852 0.036458333333333336 0.09074074074074075
0 0.6169270833333333 0.6189814814814815 0.03697916666666667 0.09537037037037037
0 0.634375 0.5962962962962963 0.028125 0.07962962962962963