0 0.4627604166666667 0.3875 0.1046875 0.225
0 0.5638020833333334 0.43333333333333335 0.09322916666666667 0.21666666666666667
0 0.634375 0.4736111111111111 0.052083333333333336 0.15092592592592594
0 0.37083333333333335 0.37453703703703706 0.07083333333333333 0.175
0 0.421875 0.549074074074074 0.06458333333333334 0.13703703703703704
0 0.48723958333333334 0.5782407407407407 0.07135416666666666 0.16018518518518518
0 0.54140625 0.6083333333333333 0.07239583333333334 0.17037037037037037
0 0.59296875 0.6018518518518519 0.0640625 0.12407407407407407
0 0.6294270833333333 0.6319444444444444 0.04635416666666667 0.14907407407407408
0 0.35963541666666665 0.5375 0.059895833333333336 0.15833333333333333
0 0.31536458333333334 0.33796296296296297 0.050520833333333334 0.18703703703703703
0 0.30416666666666664 0.5300925925925926 0.058333333333333334 0.1398148148148148
0 0.290625 0.49444444444444446 0.09166666666666666 0.11481481481481481
0 0.6744791666666666 0.48009259259259257 0.040625 0.14907407407407408
0 0.6580729166666667 0.6282407407407408 0.0265625 0.14537037037037037
0 0.27786458333333336 0.34814814814814815 0.0265625 0.12962962962962962
0 0.25364583333333335 0.4462962962962963 0.06458333333333334 0.1037037037037037