0 0.41354166666666664 0.5731481481481482 0.11354166666666667 0.20185185185185187
0 0.5244791666666667 0.5717592592592593 0.109375 0.20092592592592592
0 0.6200520833333333 0.575925925925926 0.08385416666666666 0.17222222222222222
0 0.6903645833333333 0.5555555555555556 0.0796875 0.18518518518518517
0 0.7565104166666666 0.5324074074074074 0.05572916666666667 0.14444444444444443
0 0.3221354166666667 0.5606481481481481 0.07864583333333333 0.1787037037037037
0 0.26484375 0.538425925925926 0.059895833333333336 0.17685185185185184
0 0.22317708333333333 0.5236111111111111 0.034895833333333334 0.14537037037037037
0 0.3697916666666667 0.6754629629629629 0.06875 0.075
0 0.4434895833333333 0.687962962962963 0.07760416666666667 0.07407407407407407
0 0.5083333333333333 0.6935185185185185 0.06979166666666667 0.05925925925925926
0 0.5776041666666667 0.6828703703703703 0.078125 0.07314814814814814
0 0.6575520833333334 0.6527777777777778 0.08489583333333334 0.07962962962962963