0 0.5755208333333334 0.4 0.12395833333333334 0.3
0 0.44869791666666664 0.3972222222222222 0.1265625 0.30185185185185187
0 0.34140625 0.37546296296296294 0.0953125 0.27685185185185185
0 0.6791666666666667 0.4023148148148148 0.08854166666666667 0.23981481481481481
0 0.7557291666666667 0.4115740740740741 0.08125 0.2490740740740741
0 0.7442708333333333 0.5726851851851852 0.075 0.1527777777777778
0 0.671875 0.5916666666666667 0.07291666666666667 0.15555555555555556
0 0.5885416666666666 0.6041666666666666 0.08125 0.12314814814814815
0 0.5072916666666667 0.6032407407407407 0.08020833333333334 0.1287037037037037
0 0.43072916666666666 0.5916666666666667 0.071875 0.1259259259259259
0 0.2908854166666667 0.5939814814814814 0.06614583333333333 0.175
0 0.35859375 0.5731481481481482 0.0578125 0.14074074074074075
0 0.25729166666666664 0.38101851851851853 0.08020833333333334 0.2657407407407407
0 0.19479166666666667 0.3787037037037037 0.04895833333333333 0.19074074074074074