0 0.4625 0.43472222222222223 0.103125 0.175
0 0.5536458333333333 0.5634259259259259 0.075 0.10277777777777777
0 0.5645833333333333 0.43796296296296294 0.10104166666666667 0.16666666666666666
0 0.47734375 0.5657407407407408 0.07864583333333333 0.1111111111111111
0 0.6221354166666667 0.5236111111111111 0.09010416666666667 0.125
0 0.659375 0.4125 0.09375 0.175
0 0.40677083333333336 0.5523148148148148 0.08229166666666667 0.12129629629629629
0 0.3658854166666667 0.41898148148148145 0.0953125 0.15833333333333333
0 0.33645833333333336 0.5162037037037037 0.06875 0.10833333333333334
0 0.26223958333333336 0.35509259259259257 0.0703125 0.12314814814814815
0 0.7739583333333333 0.34305555555555556 0.075 0.11944444444444445
0 0.28151041666666665 0.45416666666666666 0.0640625 0.10092592592592593