0 0.3580729166666667 0.6393518518518518 0.06927083333333334 0.16018518518518518
0 0.4309895833333333 0.6509259259259259 0.07864583333333333 0.17037037037037037
0 0.5111979166666667 0.6555555555555556 0.0828125 0.17037037037037037
0 0.5893229166666667 0.6578703703703703 0.09635416666666667 0.17314814814814813
0 0.6653645833333334 0.6754629629629629 0.08697916666666666 0.1712962962962963
0 0.73125 0.6865740740740741 0.07395833333333333 0.15462962962962962
0 0.78046875 0.5370370370370371 0.06614583333333333 0.18518518518518517
0 0.8283854166666667 0.5342592592592592 0.0546875 0.16111111111111112
0 0.4161458333333333 0.4842592592592593 0.096875 0.1814814814814815
0 0.52890625 0.48009259259259257 0.09322916666666667 0.16944444444444445
0 0.6361979166666667 0.49675925925925923 0.06927083333333334 0.16203703703703703
0 0.7127604166666667 0.5217592592592593 0.0859375 0.18796296296296297
0 0.33307291666666666 0.4787037037037037 0.0703125 0.15
0 0.2786458333333333 0.4740740740740741 0.05520833333333333 0.17037037037037037