0 0.61484375 0.4652777777777778 0.1203125 0.15092592592592594
0 0.4921875 0.4828703703703704 0.13645833333333332 0.13425925925925927
0 0.36354166666666665 0.4685185185185185 0.12291666666666666 0.1111111111111111
0 0.2518229166666667 0.4546296296296296 0.1015625 0.0962962962962963
0 0.2830729166666667 0.5462962962962963 0.12864583333333332 0.10185185185185185
0 0.7403645833333333 0.4537037037037037 0.13802083333333334 0.18333333333333332
0 0.40859375 0.5671296296296297 0.1296875 0.13055555555555556
0 0.6296875 0.5930555555555556 0.10104166666666667 0.1287037037037037
0 0.7091145833333333 0.6050925925925926 0.08177083333333333 0.12314814814814815
0 0.77890625 0.5902777777777778 0.0609375 0.10277777777777777
0 0.14557291666666666 0.5083333333333333 0.16302083333333334 0.10185185185185185
0 0.12734375 0.42083333333333334 0.14739583333333334 0.09907407407407408
0 0.8463541666666666 0.4444444444444444 0.09166666666666666 0.18333333333333332
0 0.8223958333333333 0.5810185185185185 0.04479166666666667 0.08796296296296297
0 0.5252604166666667 0.5893518518518519 0.1109375 0.14722222222222223