0 0.3494791666666667 0.40694444444444444 0.12916666666666668 0.27314814814814814
0 0.5375 0.4152777777777778 0.1375 0.24351851851851852
0 0.6549479166666666 0.4217592592592593 0.1015625 0.21388888888888888
0 0.7513020833333334 0.4305555555555556 0.09635416666666667 0.22592592592592592
0 0.44166666666666665 0.4097222222222222 0.071875 0.1712962962962963
0 0.20807291666666666 0.4305555555555556 0.10989583333333333 0.26851851851851855
0 0.8197916666666667 0.45787037037037037 0.06458333333333334 0.16944444444444445
0 0.8723958333333334 0.43425925925925923 0.06145833333333333 0.17222222222222222
0 0.92265625 0.41388888888888886 0.0515625 0.1648148148148148
0 0.9651041666666667 0.3592592592592593 0.0375 0.14444444444444443
0 0.13515625 0.4398148148148148 0.04739583333333333 0.1388888888888889
0 0.23203125 0.5851851851851851 0.08072916666666667 0.14814814814814814
0 0.38125 0.5717592592592593 0.084375 0.17314814814814813
0 0.459375 0.5574074074074075 0.07395833333333333 0.19074074074074074
0 0.5395833333333333 0.5814814814814815 0.08125 0.12777777777777777
0 0.6200520833333333 0.575 0.07864583333333333 0.18888888888888888
0 0.6927083333333334 0.5787037037037037 0.08333333333333333 0.17592592592592593
0 0.7703125 0.5796296296296296 0.075 0.14629629629629629
0 0.83125 0.5675925925925925 0.05416666666666667 0.14629629629629629
0 0.8830729166666667 0.5680555555555555 0.059895833333333336 0.125