0 0.5270833333333333 0.6069444444444444 0.08854166666666667 0.1361111111111111
0 0.6005208333333333 0.6064814814814815 0.06354166666666666 0.11481481481481481
0 0.66328125 0.6069444444444444 0.06302083333333333 0.11203703703703703
0 0.7052083333333333 0.5921296296296297 0.035416666666666666 0.07314814814814814
0 0.7333333333333333 0.5833333333333334 0.034375 0.07222222222222222
0 0.7611979166666667 0.5736111111111111 0.033854166666666664 0.06944444444444445
0 0.26666666666666666 0.5861111111111111 0.034375 0.08703703703703704
0 0.3067708333333333 0.5990740740740741 0.052083333333333336 0.10740740740740741
0 0.36171875 0.600925925925926 0.0609375 0.1111111111111111
0 0.43802083333333336 0.6087962962962963 0.090625 0.13055555555555556
0 0.23515625 0.5777777777777777 0.033854166666666664 0.07777777777777778