0 0.7380208333333333 0.5967592592592592 0.09791666666666667 0.38981481481481484
0 0.6158854166666666 0.6564814814814814 0.15677083333333333 0.43333333333333335
0 0.4609375 0.6754629629629629 0.16041666666666668 0.4361111111111111
0 0.32838541666666665 0.6856481481481481 0.1078125 0.3453703703703704
0 0.23645833333333333 0.6671296296296296 0.08333333333333333 0.3675925925925926
0 0.8091145833333333 0.575 0.07447916666666667 0.3814814814814815
0 0.17604166666666668 0.6643518518518519 0.052083333333333336 0.2324074074074074
0 0.13307291666666668 0.6111111111111112 0.0484375 0.22592592592592592
0 0.8544270833333333 0.5675925925925925 0.03697916666666667 0.26851851851851855
0 0.6869791666666667 0.8972222222222223 0.09583333333333334 0.20185185185185187
0 0.7684895833333333 0.8870370370370371 0.0828125 0.2222222222222222
0 0.8283854166666667 0.8643518518518518 0.06614583333333333 0.2101851851851852
0 0.4861979166666667 0.925 0.10572916666666667 0.14629629629629629
0 0.58984375 0.9175925925925926 0.10052083333333334 0.16111111111111112
0 0.39166666666666666 0.9106481481481481 0.1 0.175
0 0.30572916666666666 0.9069444444444444 0.08125 0.1824074074074074
0 0.23645833333333333 0.8870370370370371 0.08645833333333333 0.2037037037037037