0 0.58984375 0.48842592592592593 0.08802083333333334 0.18055555555555555
0 0.6651041666666667 0.4671296296296296 0.08229166666666667 0.20092592592592592
0 0.7010416666666667 0.5939814814814814 0.08020833333333334 0.1638888888888889
0 0.5671875 0.6574074074074074 0.07708333333333334 0.16296296296296298
0 0.6411458333333333 0.6430555555555556 0.08020833333333334 0.19166666666666668
0 0.49609375 0.49583333333333335 0.11510416666666666 0.2101851851851852
0 0.4908854166666667 0.674537037037037 0.07239583333333334 0.15092592592592594
0 0.3815104166666667 0.4962962962962963 0.11197916666666667 0.2
0 0.4049479166666667 0.6722222222222223 0.07552083333333333 0.16666666666666666
0 0.33645833333333336 0.6416666666666667 0.078125 0.14629629629629629
0 0.30052083333333335 0.4625 0.09166666666666666 0.19907407407407407
0 0.728125 0.44351851851851853 0.051041666666666666 0.15
0 0.7625 0.5476851851851852 0.04583333333333333 0.10462962962962963
0 0.275 0.6291666666666667 0.07291666666666667 0.175
0 0.23072916666666668 0.45925925925925926 0.078125 0.20925925925925926
0 0.18854166666666666 0.4550925925925926 0.041666666666666664 0.15648148148148147
0 0.21588541666666666 0.5949074074074074 0.05677083333333333 0.12685185185185185
0 0.7705729166666667 0.41759259259259257 0.044270833333333336 0.14629629629629629