0 0.5559895833333334 0.4375 0.1078125 0.20092592592592592
0 0.6479166666666667 0.40879629629629627 0.07395833333333333 0.20833333333333334
0 0.4546875 0.4393518518518518 0.10208333333333333 0.21388888888888888
0 0.3690104166666667 0.4166666666666667 0.07447916666666667 0.1962962962962963
0 0.7190104166666667 0.38657407407407407 0.07447916666666667 0.21203703703703702
0 0.7734375 0.3435185185185185 0.051041666666666666 0.21296296296296297
0 0.29635416666666664 0.38842592592592595 0.075 0.24166666666666667
0 0.5390625 0.562037037037037 0.06354166666666666 0.07222222222222222
0 0.6052083333333333 0.5439814814814815 0.05520833333333333 0.08425925925925926
0 0.23776041666666667 0.35138888888888886 0.050520833333333334 0.22685185185185186
0 0.47291666666666665 0.5689814814814815 0.057291666666666664 0.05648148148148148