0 0.41822916666666665 0.5083333333333333 0.109375 0.2222222222222222
0 0.5182291666666666 0.49583333333333335 0.10104166666666667 0.18796296296296297
0 0.6234375 0.4722222222222222 0.109375 0.20555555555555555
0 0.7255208333333333 0.44675925925925924 0.09375 0.1638888888888889
0 0.33255208333333336 0.538425925925926 0.07760416666666667 0.21574074074074073
0 0.50078125 0.6319444444444444 0.07760416666666667 0.11018518518518519
0 0.43333333333333335 0.6504629629629629 0.0875 0.11388888888888889
0 0.38255208333333335 0.6675925925925926 0.08385416666666666 0.1
0 0.5791666666666667 0.5990740740740741 0.09166666666666666 0.09444444444444444
0 0.34270833333333334 0.6810185185185185 0.0625 0.075
0 0.2760416666666667 0.5592592592592592 0.042708333333333334 0.17592592592592593