0 0.5619791666666667 0.45046296296296295 0.10520833333333333 0.22314814814814815
0 0.4549479166666667 0.4412037037037037 0.10885416666666667 0.2212962962962963
0 0.6705729166666666 0.6347222222222222 0.0671875 0.2064814814814815
0 0.7177083333333333 0.4666666666666667 0.08020833333333334 0.21481481481481482
0 0.4661458333333333 0.6393518518518518 0.06979166666666667 0.1787037037037037
0 0.6028645833333334 0.6226851851851852 0.0703125 0.16944444444444445
0 0.6471354166666666 0.46435185185185185 0.06614583333333333 0.175
0 0.7203125 0.5898148148148148 0.07395833333333333 0.1425925925925926
0 0.7796875 0.45740740740740743 0.04791666666666667 0.16111111111111112
0 0.77265625 0.5685185185185185 0.0484375 0.10185185185185185
0 0.81640625 0.43842592592592594 0.028645833333333332 0.11944444444444445
0 0.8151041666666666 0.5300925925925926 0.042708333333333334 0.07685185185185185
0 0.4049479166666667 0.6106481481481482 0.06197916666666667 0.1712962962962963
0 0.36744791666666665 0.4527777777777778 0.06822916666666666 0.17222222222222222
0 0.34088541666666666 0.6023148148148149 0.0734375 0.20462962962962963
0 0.2955729166666667 0.4375 0.08072916666666667 0.20833333333333334
0 0.5372395833333333 0.6351851851851852 0.0671875 0.16666666666666666