0 0.4640625 0.45925925925925926 0.15104166666666666 0.17407407407407408
0 0.6114583333333333 0.45694444444444443 0.146875 0.17685185185185184
0 0.7338541666666667 0.44583333333333336 0.10104166666666667 0.15092592592592594
0 0.821875 0.44351851851851853 0.07916666666666666 0.12037037037037036
0 0.3380208333333333 0.45185185185185184 0.10208333333333333 0.14444444444444443
0 0.24765625 0.45925925925925926 0.0859375 0.11666666666666667
0 0.184375 0.4532407407407407 0.06354166666666666 0.09351851851851851
0 0.8778645833333333 0.43287037037037035 0.050520833333333334 0.09537037037037037
0 0.4125 0.5444444444444444 0.09479166666666666 0.07962962962962963
0 0.5072916666666667 0.562962962962963 0.09583333333333334 0.05185185185185185
0 0.5979166666666667 0.5643518518518519 0.09895833333333333 0.041666666666666664
0 0.6924479166666667 0.5337962962962963 0.0890625 0.06944444444444445
0 0.7708333333333334 0.5254629629629629 0.071875 0.058333333333333334
0 0.32578125 0.5472222222222223 0.08072916666666667 0.07222222222222222
0 0.24791666666666667 0.5412037037037037 0.07708333333333334 0.062037037037037036