0 0.39479166666666665 0.42407407407407405 0.13541666666666666 0.4166666666666667
0 0.528125 0.425462962962963 0.134375 0.33055555555555555
0 0.6497395833333334 0.4513888888888889 0.1109375 0.3861111111111111
0 0.72734375 0.48148148148148145 0.10885416666666667 0.4222222222222222
0 0.7833333333333333 0.4949074074074074 0.06979166666666667 0.22870370370370371
0 0.5846354166666666 0.7129629629629629 0.08697916666666666 0.34444444444444444
0 0.2908854166666667 0.4722222222222222 0.10052083333333334 0.4351851851851852
0 0.5041666666666667 0.6615740740740741 0.07395833333333333 0.27314814814814814
0 0.4244791666666667 0.7074074074074074 0.06770833333333333 0.1925925925925926
0 0.22552083333333334 0.6995370370370371 0.053125 0.287962962962963
0 0.284375 0.7462962962962963 0.06458333333333334 0.17037037037037037
0 0.6557291666666667 0.7583333333333333 0.06875 0.23703703703703705
0 0.734375 0.736574074074074 0.071875 0.26944444444444443
0 0.17630208333333333 0.48564814814814816 0.0859375 0.23981481481481481