0 0.45625 0.2847222222222222 0.14166666666666666 0.35462962962962963
0 0.59609375 0.2759259259259259 0.1421875 0.362962962962963
0 0.5557291666666667 0.6625 0.08020833333333334 0.25462962962962965
0 0.47682291666666665 0.6541666666666667 0.07864583333333333 0.2361111111111111
0 0.6356770833333333 0.6453703703703704 0.08697916666666666 0.20925925925925926
0 0.7158854166666667 0.6912037037037037 0.08697916666666666 0.28425925925925927
0 0.7846354166666667 0.6699074074074074 0.0609375 0.23981481481481481
0 0.7104166666666667 0.27314814814814814 0.11041666666666666 0.35
0 0.3419270833333333 0.28703703703703703 0.1015625 0.3037037037037037
0 0.31484375 0.700462962962963 0.09322916666666667 0.33055555555555555
0 0.39401041666666664 0.65 0.0890625 0.22777777777777777
0 0.24479166666666666 0.3050925925925926 0.10625 0.3527777777777778
0 0.23776041666666667 0.7111111111111111 0.0734375 0.32592592592592595
0 0.7890625 0.30694444444444446 0.07708333333333334 0.39537037037037037
0 0.8328125 0.6657407407407407 0.03854166666666667 0.1962962962962963
0 0.8651041666666667 0.6513888888888889 0.04895833333333333 0.1787037037037037
0 0.19166666666666668 0.687962962962963 0.05416666666666667 0.2759259259259259
0 0.18046875 0.34814814814814815 0.0578125 0.2777777777777778
0 0.13723958333333333 0.37222222222222223 0.05572916666666667 0.26666666666666666
0 0.15104166666666666 0.6842592592592592 0.058333333333333334 0.23703703703703705
0 0.85234375 0.3439814814814815 0.05364583333333333 0.31203703703703706
0 0.8815104166666666 0.35694444444444445 0.0484375 0.30277777777777776