0 0.36015625 0.4875 0.0984375 0.19722222222222222
0 0.45078125 0.5125 0.08697916666666666 0.1361111111111111
0 0.2794270833333333 0.5115740740740741 0.08072916666666667 0.15833333333333333
0 0.5223958333333333 0.48935185185185187 0.071875 0.14351851851851852
0 0.5721354166666667 0.44675925925925924 0.08177083333333333 0.16574074074074074
0 0.19453125 0.5078703703703704 0.10052083333333334 0.16944444444444445
0 0.12630208333333334 0.5120370370370371 0.0640625 0.15555555555555556
0 0.5380208333333333 0.5902777777777778 0.10208333333333333 0.12314814814814815
0 0.4510416666666667 0.6504629629629629 0.10833333333333334 0.15462962962962962
0 0.3640625 0.6722222222222223 0.11145833333333334 0.18333333333333332
0 0.2875 0.6717592592592593 0.10729166666666666 0.16574074074074074
0 0.2359375 0.6680555555555555 0.11354166666666667 0.15833333333333333
0 0.19192708333333333 0.6652777777777777 0.11302083333333333 0.15462962962962962
0 0.15625 0.6773148148148148 0.10104166666666667 0.1787037037037037