0 0.46770833333333334 0.37175925925925923 0.08541666666666667 0.09537037037037037
0 0.5510416666666667 0.3648148148148148 0.08125 0.10185185185185185
0 0.4002604166666667 0.38425925925925924 0.06510416666666667 0.08518518518518518
0 0.34921875 0.3902777777777778 0.0484375 0.0787037037037037
0 0.3151041666666667 0.3976851851851852 0.03229166666666667 0.05462962962962963
0 0.6080729166666666 0.37546296296296294 0.050520833333333334 0.08055555555555556
0 0.646875 0.375 0.030208333333333334 0.07037037037037037
0 0.5877604166666667 0.462037037037037 0.04114583333333333 0.037037037037037035
0 0.5424479166666667 0.4675925925925926 0.0515625 0.044444444444444446
0 0.49114583333333334 0.4699074074074074 0.051041666666666666 0.03981481481481482
0 0.43776041666666665 0.46805555555555556 0.05677083333333333 0.03611111111111111
0 0.3893229166666667 0.4699074074074074 0.0421875 0.03611111111111111
0 0.61953125 0.45416666666666666 0.0265625 0.03981481481481482