0 0.6075520833333333 0.3819444444444444 0.1421875 0.49537037037037035
0 0.71796875 0.4078703703703704 0.0953125 0.44722222222222224
0 0.8088541666666667 0.35462962962962963 0.09375 0.524074074074074
0 0.46848958333333335 0.4013888888888889 0.1453125 0.4601851851851852
0 0.35625 0.4217592592592593 0.1125 0.4305555555555556
0 0.24296875 0.41574074074074074 0.11302083333333333 0.37407407407407406
0 0.18671875 0.43703703703703706 0.06927083333333334 0.2759259259259259
0 0.3098958333333333 0.6615740740740741 0.0875 0.3490740740740741
0 0.8080729166666667 0.736574074074074 0.0890625 0.30833333333333335
0 0.73359375 0.6717592592592593 0.058854166666666666 0.23981481481481481
0 0.5661458333333333 0.7148148148148148 0.071875 0.2462962962962963
0 0.23255208333333333 0.7013888888888888 0.07552083333333333 0.24722222222222223
0 0.17239583333333333 0.7263888888888889 0.08229166666666667 0.3435185185185185
0 0.4778645833333333 0.6847222222222222 0.0609375 0.1287037037037037