0 0.3528645833333333 0.35694444444444445 0.1296875 0.1824074074074074
0 0.48046875 0.3625 0.14114583333333333 0.1824074074074074
0 0.5979166666666667 0.37037037037037035 0.09270833333333334 0.14814814814814814
0 0.25859375 0.3597222222222222 0.09322916666666667 0.16018518518518518
0 0.18645833333333334 0.3675925925925926 0.0625 0.1925925925925926
0 0.6815104166666667 0.38055555555555554 0.07447916666666667 0.14629629629629629
0 0.24453125 0.5166666666666667 0.06302083333333333 0.12777777777777777
0 0.3015625 0.5115740740740741 0.071875 0.12685185185185185
0 0.37473958333333335 0.4925925925925926 0.0953125 0.1388888888888889
0 0.4609375 0.49212962962962964 0.09270833333333334 0.13796296296296295
0 0.54921875 0.5013888888888889 0.0953125 0.11944444444444445
0 0.6200520833333333 0.5055555555555555 0.0859375 0.11851851851851852
0 0.6997395833333333 0.5064814814814815 0.08385416666666666 0.08888888888888889
0 0.7598958333333333 0.49444444444444446 0.065625 0.07407407407407407