0 0.24973958333333332 0.38657407407407407 0.12760416666666666 0.1638888888888889
0 0.28828125 0.2550925925925926 0.10989583333333333 0.1675925925925926
0 0.44166666666666665 0.12268518518518519 0.11770833333333333 0.14722222222222223
0 0.5546875 0.13425925925925927 0.11666666666666667 0.17037037037037037
0 0.6455729166666667 0.16064814814814815 0.0984375 0.14907407407407408
0 0.72109375 0.22824074074074074 0.1109375 0.16574074074074074
0 0.7645833333333333 0.35555555555555557 0.13020833333333334 0.17037037037037037
0 0.8036458333333333 0.4791666666666667 0.13854166666666667 0.16574074074074074
0 0.8361979166666667 0.6319444444444444 0.18177083333333333 0.22870370370370371
0 0.21640625 0.5157407407407407 0.14427083333333332 0.16666666666666666
0 0.8625 0.8138888888888889 0.17395833333333333 0.19074074074074074
0 0.8643229166666667 0.9398148148148148 0.15052083333333333 0.11666666666666667
0 0.18411458333333333 0.6666666666666666 0.17239583333333333 0.22407407407407406
0 0.16145833333333334 0.8291666666666667 0.15729166666666666 0.19166666666666668
0 0.35234375 0.1685185185185185 0.0953125 0.13703703703703704