0 0.35 0.33055555555555555 0.08020833333333334 0.2388888888888889
0 0.5486979166666667 0.3421296296296296 0.10572916666666667 0.2601851851851852
0 0.6432291666666666 0.34444444444444444 0.08541666666666667 0.2222222222222222
0 0.7190104166666667 0.33194444444444443 0.0734375 0.24166666666666667
0 0.44088541666666664 0.34074074074074073 0.1015625 0.2537037037037037
0 0.2796875 0.30972222222222223 0.06041666666666667 0.225
0 0.23177083333333334 0.3 0.042708333333333334 0.21296296296296297
0 0.19453125 0.2810185185185185 0.03697916666666667 0.19722222222222222
0 0.159375 0.2601851851851852 0.03958333333333333 0.17592592592592593
0 0.7747395833333334 0.3236111111111111 0.04739583333333333 0.21574074074074073
0 0.81640625 0.29953703703703705 0.0421875 0.21203703703703702
0 0.26953125 0.5023148148148148 0.04739583333333333 0.18425925925925926
0 0.3223958333333333 0.5217592592592593 0.06041666666666667 0.21388888888888888
0 0.38671875 0.5453703703703704 0.06822916666666666 0.20555555555555555
0 0.46380208333333334 0.5555555555555556 0.07552083333333333 0.18518518518518517
0 0.540625 0.562037037037037 0.07395833333333333 0.18333333333333332
0 0.6143229166666667 0.549537037037037 0.06614583333333333 0.18055555555555555
0 0.6828125 0.5416666666666666 0.06041666666666667 0.18888888888888888
0 0.7385416666666667 0.5111111111111111 0.05520833333333333 0.20925925925925926
0 0.22604166666666667 0.45416666666666666 0.04583333333333333 0.1675925925925926