0 0.5203125 0.40694444444444444 0.07395833333333333 0.14537037037037037
0 0.5864583333333333 0.38796296296296295 0.06145833333333333 0.15
0 0.440625 0.4162037037037037 0.08125 0.1398148148148148
0 0.36614583333333334 0.412962962962963 0.07083333333333333 0.13518518518518519
0 0.6341145833333334 0.37916666666666665 0.03697916666666667 0.15648148148148147
0 0.31927083333333334 0.4041666666666667 0.042708333333333334 0.16203703703703703
0 0.41822916666666665 0.5365740740740741 0.051041666666666666 0.1175925925925926
0 0.4666666666666667 0.5236111111111111 0.046875 0.13055555555555556
0 0.5119791666666667 0.5296296296296297 0.046875 0.1037037037037037
0 0.5567708333333333 0.5180555555555556 0.04791666666666667 0.12314814814814815
0 0.60390625 0.5231481481481481 0.04739583333333333 0.14814814814814814
0 0.6401041666666667 0.524537037037037 0.028125 0.14722222222222223
0 0.36640625 0.549537037037037 0.05677083333333333 0.14722222222222223
0 0.66640625 0.513425925925926 0.030729166666666665 0.1361111111111111
0 0.6575520833333334 0.37546296296296294 0.0296875 0.14537037037037037
0 0.3216145833333333 0.5476851851851852 0.0359375 0.14351851851851852
0 0.29296875 0.3972222222222222 0.0234375 0.1574074074074074
0 0.28958333333333336 0.5351851851851852 0.03958333333333333 0.13518518518518519