0 0.39947916666666666 0.3814814814814815 0.18125 0.46296296296296297
0 0.5828125 0.37037037037037035 0.18854166666666666 0.4759259259259259
0 0.7369791666666666 0.37175925925925923 0.13333333333333333 0.39351851851851855
0 0.24895833333333334 0.375 0.13125 0.37407407407407406
0 0.15677083333333333 0.38842592592592595 0.06145833333333333 0.3453703703703704
0 0.8341145833333333 0.36666666666666664 0.0703125 0.37777777777777777
0 0.8973958333333333 0.41574074074074074 0.07395833333333333 0.2833333333333333
0 0.11979166666666667 0.43472222222222223 0.03333333333333333 0.24722222222222223
0 0.24765625 0.6856481481481481 0.09739583333333333 0.2638888888888889
0 0.3411458333333333 0.6800925925925926 0.10520833333333333 0.325
0 0.446875 0.6787037037037037 0.09791666666666667 0.24259259259259258
0 0.5361979166666667 0.6796296296296296 0.09739583333333333 0.2388888888888889
0 0.6447916666666667 0.6796296296296296 0.10833333333333334 0.3037037037037037
0 0.7341145833333333 0.7013888888888888 0.0859375 0.27870370370370373
0 0.8125 0.625462962962963 0.07395833333333333 0.2324074074074074
0 0.17447916666666666 0.6351851851851852 0.06145833333333333 0.2518518518518518