0 0.1328125 0.7814814814814814 0.16979166666666667 0.18703703703703703
0 0.16666666666666666 0.6314814814814815 0.1625 0.17037037037037037
0 0.190625 0.5050925925925925 0.140625 0.14351851851851852
0 0.22265625 0.3888888888888889 0.13072916666666667 0.14074074074074075
0 0.2677083333333333 0.2708333333333333 0.12708333333333333 0.16018518518518518
0 0.34348958333333335 0.20555555555555555 0.1046875 0.14444444444444443
0 0.4328125 0.1699074074074074 0.121875 0.15462962962962962
0 0.5510416666666667 0.16435185185185186 0.12395833333333334 0.16203703703703703
0 0.6390625 0.1875 0.11041666666666666 0.1398148148148148
0 0.7151041666666667 0.24027777777777778 0.13125 0.16018518518518518
0 0.7528645833333333 0.36157407407407405 0.1390625 0.1527777777777778
0 0.7848958333333333 0.4736111111111111 0.14375 0.15092592592592594
0 0.82265625 0.612037037037037 0.17135416666666667 0.2
0 0.8651041666666667 0.7680555555555556 0.15833333333333333 0.18796296296296297