0 0.6552083333333333 0.3365740740740741 0.20625 0.3101851851851852
0 0.4203125 0.29212962962962963 0.20416666666666666 0.39166666666666666
0 0.19453125 0.3351851851851852 0.15885416666666666 0.2851851851851852
0 0.2953125 0.6319444444444444 0.15520833333333334 0.41203703703703703
0 0.75546875 0.6453703703703704 0.1796875 0.3351851851851852
0 0.8174479166666667 0.37222222222222223 0.17239583333333333 0.28888888888888886
0 0.2125 0.6481481481481481 0.140625 0.34629629629629627
0 0.09192708333333334 0.3416666666666667 0.11822916666666666 0.4185185185185185
0 0.09661458333333334 0.6819444444444445 0.10885416666666667 0.30092592592592593
0 0.8395833333333333 0.6893518518518519 0.10625 0.35648148148148145
0 0.89140625 0.41574074074074074 0.0734375 0.36666666666666664