0 0.35078125 0.7712962962962963 0.10572916666666667 0.4074074074074074
0 0.17083333333333334 0.37592592592592594 0.12291666666666666 0.4462962962962963
0 0.54921875 0.7620370370370371 0.10260416666666666 0.34444444444444444
0 0.7151041666666667 0.3611111111111111 0.1125 0.3851851851851852
0 0.8221354166666667 0.387037037037037 0.10572916666666667 0.42592592592592593
0 0.7385416666666667 0.7754629629629629 0.103125 0.4361111111111111
0 0.24401041666666667 0.7759259259259259 0.11197916666666667 0.4166666666666667
0 0.13828125 0.7898148148148149 0.09947916666666666 0.4074074074074074
0 0.8296875 0.7912037037037037 0.096875 0.3972222222222222
0 0.5869791666666667 0.4050925925925926 0.165625 0.4083333333333333
0 0.8861979166666667 0.49398148148148147 0.08697916666666666 0.3212962962962963
0 0.07682291666666667 0.45185185185185184 0.0890625 0.3962962962962963
0 0.4515625 0.7722222222222223 0.10104166666666667 0.362962962962963
0 0.6434895833333333 0.7648148148148148 0.09010416666666667 0.3851851851851852
0 0.41848958333333336 0.38101851851851853 0.17447916666666666 0.4287037037037037
0 0.27786458333333336 0.33055555555555555 0.12552083333333333 0.3907407407407407