0 0.5625 0.3972222222222222 0.15104166666666666 0.3074074074074074
0 0.68828125 0.3962962962962963 0.1140625 0.2722222222222222
0 0.7901041666666667 0.41064814814814815 0.10416666666666667 0.2657407407407407
0 0.40572916666666664 0.39490740740740743 0.16145833333333334 0.30833333333333335
0 0.3065104166666667 0.6199074074074075 0.1109375 0.21574074074074073
0 0.4515625 0.6444444444444445 0.1 0.2074074074074074
0 0.5510416666666667 0.6532407407407408 0.109375 0.21944444444444444
0 0.65546875 0.6375 0.1078125 0.24166666666666667
0 0.74609375 0.6523148148148148 0.1015625 0.262037037037037
0 0.8260416666666667 0.611574074074074 0.0875 0.21203703703703702
0 0.8653645833333333 0.4203703703703704 0.0578125 0.22777777777777777
0 0.2630208333333333 0.4027777777777778 0.12604166666666666 0.24074074074074073
0 0.221875 0.6555555555555556 0.10833333333333334 0.3
0 0.16432291666666668 0.4078703703703704 0.09947916666666666 0.28425925925925927
0 0.14401041666666667 0.6342592592592593 0.059895833333333336 0.18703703703703703
0 0.88046875 0.6074074074074074 0.0421875 0.15185185185185185
0 0.9080729166666667 0.42685185185185187 0.0390625 0.18518518518518517
0 0.9203125 0.5560185185185185 0.07083333333333333 0.13425925925925927
0 0.09947916666666666 0.44537037037037036 0.05 0.1925925925925926
0 0.07239583333333334 0.5657407407407408 0.046875 0.1111111111111111
0 0.9533854166666667 0.3787037037037037 0.0578125 0.21296296296296297
0 0.03515625 0.3907407407407407 0.043229166666666666 0.18518518518518517
0 0.071875 0.44074074074074077 0.040625 0.2037037037037037