0 0.3494791666666667 0.675 0.17708333333333334 0.25925925925925924
0 0.503125 0.6537037037037037 0.15833333333333333 0.22777777777777777
0 0.62109375 0.6319444444444444 0.0953125 0.18055555555555555
0 0.6979166666666666 0.6231481481481481 0.07083333333333333 0.15555555555555556
0 0.20208333333333334 0.6481481481481481 0.12395833333333334 0.21296296296296297
0 0.0875 0.6458333333333334 0.12395833333333334 0.2212962962962963
0 0.284375 0.4273148148148148 0.121875 0.23981481481481481
0 0.37421875 0.37962962962962965 0.09322916666666667 0.3148148148148148
0 0.4708333333333333 0.39444444444444443 0.10208333333333333 0.28888888888888886
0 0.5643229166666667 0.4449074074074074 0.09427083333333333 0.21574074074074073
0 0.65390625 0.47453703703703703 0.0921875 0.20833333333333334
0 0.16041666666666668 0.4685185185185185 0.134375 0.2351851851851852
0 0.05520833333333333 0.5111111111111111 0.103125 0.17222222222222222
0 0.7065104166666667 0.5148148148148148 0.0765625 0.14074074074074075