0 0.6018229166666667 0.4935185185185185 0.14739583333333334 0.6314814814814815
0 0.4596354166666667 0.549074074074074 0.1453125 0.5333333333333333
0 0.7161458333333334 0.5101851851851852 0.11041666666666666 0.5518518518518518
0 0.346875 0.5453703703703704 0.11979166666666667 0.5388888888888889
0 0.2375 0.49212962962962964 0.11875 0.5546296296296296
0 0.81875 0.44722222222222224 0.10416666666666667 0.5722222222222222
0 0.8890625 0.4532407407407407 0.065625 0.4527777777777778
0 0.18619791666666666 0.5208333333333334 0.0765625 0.36944444444444446
0 0.14375 0.5412037037037037 0.065625 0.3175925925925926
0 0.09036458333333333 0.5078703703703704 0.07760416666666667 0.33240740740740743
0 0.9296875 0.48703703703703705 0.04895833333333333 0.337037037037037
0 0.8356770833333333 0.8074074074074075 0.08697916666666666 0.37037037037037035
0 0.9364583333333333 0.7203703703703703 0.08229166666666667 0.21296296296296297
0 0.32421875 0.8231481481481482 0.0890625 0.3277777777777778
0 0.4890625 0.8912037037037037 0.06666666666666667 0.2101851851851852
0 0.56640625 0.8888888888888888 0.06510416666666667 0.21851851851851853
0 0.6544270833333333 0.8398148148148148 0.07135416666666666 0.2351851851851852
0 0.7533854166666667 0.7912037037037037 0.06614583333333333 0.25833333333333336
0 0.41041666666666665 0.8486111111111111 0.05625 0.13240740740740742
0 0.2526041666666667 0.8638888888888889 0.075 0.26851851851851855
0 0.18802083333333333 0.8106481481481481 0.06145833333333333 0.3398148148148148
0 0.12994791666666666 0.7856481481481481 0.05677083333333333 0.18981481481481483