0 0.32135416666666666 0.33935185185185185 0.21875 0.41388888888888886
0 0.6869791666666667 0.6949074074074074 0.13020833333333334 0.3527777777777778
0 0.5609375 0.6726851851851852 0.140625 0.30462962962962964
0 0.5315104166666667 0.32037037037037036 0.2078125 0.44074074074074077
0 0.71171875 0.32037037037037036 0.1515625 0.3537037037037037
0 0.79609375 0.6425925925925926 0.11927083333333334 0.2796296296296296
0 0.43072916666666666 0.6893518518518519 0.14166666666666666 0.3138888888888889
0 0.3028645833333333 0.7018518518518518 0.15052083333333333 0.3111111111111111
0 0.16171875 0.7226851851851852 0.14114583333333333 0.3398148148148148
0 0.13671875 0.3486111111111111 0.15364583333333334 0.3287037037037037
0 0.8296875 0.3060185185185185 0.09166666666666666 0.31203703703703706
0 0.8463541666666666 0.5652777777777778 0.103125 0.20092592592592592
0 0.8989583333333333 0.3106481481481482 0.06979166666666667 0.25092592592592594
0 0.046875 0.7708333333333334 0.09270833333333334 0.39166666666666666
0 0.03203125 0.37777777777777777 0.06302083333333333 0.29814814814814816
0 0.89296875 0.5050925925925925 0.10572916666666667 0.18796296296296297