0 0.61875 0.3138888888888889 0.21979166666666666 0.36666666666666664
0 0.7875 0.30416666666666664 0.15416666666666667 0.2861111111111111
0 0.39114583333333336 0.3162037037037037 0.23541666666666666 0.3509259259259259
0 0.49114583333333334 0.6467592592592593 0.13958333333333334 0.2935185185185185
0 0.35703125 0.6527777777777778 0.13385416666666666 0.2796296296296296
0 0.21822916666666667 0.29398148148148145 0.15 0.27870370370370373
0 0.6234375 0.6319444444444444 0.1375 0.2861111111111111
0 0.7453125 0.5986111111111111 0.12083333333333333 0.2638888888888889
0 0.8408854166666667 0.5777777777777777 0.10885416666666667 0.29259259259259257
0 0.9145833333333333 0.5444444444444444 0.09375 0.2074074074074074
0 0.23723958333333334 0.6638888888888889 0.11822916666666666 0.31666666666666665
0 0.14869791666666668 0.6060185185185185 0.10364583333333334 0.2324074074074074
0 0.10364583333333334 0.5666666666666667 0.1125 0.20185185185185187
0 0.11119791666666666 0.29768518518518516 0.0890625 0.2916666666666667
0 0.9033854166666667 0.26157407407407407 0.1015625 0.2824074074074074
0 0.9653645833333333 0.30648148148148147 0.0671875 0.19444444444444445
0 0.04765625 0.32546296296296295 0.08072916666666667 0.23425925925925925