0 0.5536458333333333 0.43472222222222223 0.171875 0.38425925925925924
0 0.7080729166666667 0.4050925925925926 0.11510416666666666 0.287962962962963
0 0.384375 0.4513888888888889 0.16770833333333332 0.3453703703703704
0 0.24010416666666667 0.462037037037037 0.10833333333333334 0.2796296296296296
0 0.7828125 0.37592592592592594 0.08958333333333333 0.3111111111111111
0 0.1671875 0.45416666666666666 0.06041666666666667 0.27314814814814814
0 0.13203125 0.4666666666666667 0.03697916666666667 0.18703703703703703
0 0.83671875 0.3523148148148148 0.0578125 0.28055555555555556
0 0.8127604166666667 0.5814814814814815 0.06197916666666667 0.21481481481481482
0 0.7307291666666667 0.6462962962962963 0.11145833333333334 0.26666666666666666
0 0.6348958333333333 0.6074074074074074 0.096875 0.2796296296296296
0 0.5096354166666667 0.6930555555555555 0.10260416666666666 0.1935185185185185
0 0.40963541666666664 0.6939814814814815 0.09427083333333333 0.1935185185185185
0 0.321875 0.6458333333333334 0.10833333333333334 0.27870370370370373
0 0.24401041666666667 0.7143518518518519 0.08697916666666666 0.25462962962962965
0 0.18307291666666667 0.6592592592592592 0.04010416666666667 0.13703703703703704