0 0.88828125 0.6837962962962963 0.1921875 0.24537037037037038
0 0.13333333333333333 0.711574074074074 0.17395833333333333 0.2361111111111111
0 0.7888020833333333 0.37453703703703706 0.16197916666666667 0.16574074074074074
0 0.8455729166666667 0.5152777777777777 0.1515625 0.18055555555555555
0 0.14192708333333334 0.5259259259259259 0.15260416666666668 0.17037037037037037
0 0.20729166666666668 0.4023148148148148 0.15520833333333334 0.16944444444444445
0 0.24114583333333334 0.2564814814814815 0.13854166666666667 0.17037037037037037
0 0.3067708333333333 0.13425925925925927 0.1125 0.1537037037037037
0 0.55390625 0.09953703703703703 0.13802083333333334 0.175
0 0.6669270833333333 0.13703703703703704 0.09427083333333333 0.13703703703703704
0 0.75859375 0.22083333333333333 0.1296875 0.16203703703703703
0 0.415625 0.07361111111111111 0.13854166666666667 0.14537037037037037