0 0.43385416666666665 0.475462962962963 0.15 0.27314814814814814
0 0.5598958333333334 0.42592592592592593 0.12916666666666668 0.19814814814814816
0 0.6677083333333333 0.4726851851851852 0.10208333333333333 0.22870370370370371
0 0.75 0.47962962962962963 0.075 0.22777777777777777
0 0.6200520833333333 0.6046296296296296 0.0921875 0.10925925925925926
0 0.5372395833333333 0.6037037037037037 0.0890625 0.11481481481481481
0 0.45416666666666666 0.6287037037037037 0.09270833333333334 0.06851851851851852
0 0.3653645833333333 0.6111111111111112 0.09427083333333333 0.08888888888888889
0 0.3106770833333333 0.4666666666666667 0.09739583333333333 0.23703703703703705
0 0.22838541666666667 0.48009259259259257 0.0828125 0.225
0 0.8091145833333333 0.4685185185185185 0.05260416666666667 0.17592592592592593
0 0.7002604166666667 0.5912037037037037 0.0953125 0.09166666666666666
0 0.16692708333333334 0.47314814814814815 0.059895833333333336 0.17407407407407408