0 0.5020833333333333 0.4375 0.07916666666666666 0.20277777777777778
0 0.42604166666666665 0.4324074074074074 0.078125 0.18888888888888888
0 0.5661458333333333 0.4513888888888889 0.05625 0.17314814814814813
0 0.6130208333333333 0.47129629629629627 0.04895833333333333 0.18518518518518517
0 0.64921875 0.49907407407407406 0.0390625 0.18888888888888888
0 0.6760416666666667 0.5199074074074074 0.03125 0.15648148148148147
0 0.70234375 0.5097222222222222 0.028645833333333332 0.16203703703703703
0 0.36484375 0.43796296296296294 0.0484375 0.17037037037037037
0 0.32421875 0.45601851851851855 0.04635416666666667 0.19722222222222222
0 0.29322916666666665 0.49907407407407406 0.026041666666666668 0.1388888888888889
0 0.4822916666666667 0.611574074074074 0.05 0.15648148148148147
0 0.53046875 0.6148148148148148 0.0484375 0.1537037037037037
0 0.5763020833333333 0.6259259259259259 0.0515625 0.17037037037037037
0 0.62109375 0.6597222222222222 0.0484375 0.16574074074074074
0 0.6611979166666667 0.663425925925926 0.0421875 0.13796296296296295
0 0.7010416666666667 0.6717592592592593 0.052083333333333336 0.14722222222222223
0 0.43359375 0.6175925925925926 0.05260416666666667 0.1685185185185185
0 0.3859375 0.6152777777777778 0.05 0.16944444444444445
0 0.34036458333333336 0.624537037037037 0.0484375 0.18425925925925926
0 0.30546875 0.6217592592592592 0.03177083333333333 0.13055555555555556