0 0.5940104166666667 0.5180555555555556 0.10572916666666667 0.225
0 0.7026041666666667 0.7138888888888889 0.075 0.1925925925925926
0 0.4041666666666667 0.5189814814814815 0.08020833333333334 0.19907407407407407
0 0.4276041666666667 0.6949074074074074 0.075 0.16018518518518518
0 0.49140625 0.5217592592592593 0.10052083333333334 0.22314814814814815
0 0.4921875 0.7032407407407407 0.07291666666666667 0.15092592592592594
0 0.56015625 0.6902777777777778 0.06822916666666666 0.14351851851851852
0 0.6317708333333333 0.6921296296296297 0.07604166666666666 0.17685185185185184
0 0.7614583333333333 0.6736111111111112 0.08645833333333333 0.1824074074074074
0 0.6875 0.5106481481481482 0.08333333333333333 0.20092592592592592
0 0.7684895833333333 0.5120370370370371 0.07552083333333333 0.18518518518518517
0 0.3299479166666667 0.5277777777777778 0.06822916666666666 0.1685185185185185
0 0.2794270833333333 0.5310185185185186 0.05364583333333333 0.1527777777777778
0 0.36822916666666666 0.7032407407407407 0.058333333333333334 0.18055555555555555
0 0.31354166666666666 0.6972222222222222 0.05416666666666667 0.1814814814814815
0 0.2864583333333333 0.6643518518518519 0.059375 0.15092592592592594
0 0.82421875 0.5120370370370371 0.049479166666666664 0.1648148148148148
0 0.2109375 0.5115740740740741 0.06770833333333333 0.15833333333333333
0 0.8627604166666667 0.5092592592592593 0.03802083333333333 0.12962962962962962
0 0.8083333333333333 0.6486111111111111 0.04375 0.11388888888888889
0 0.8481770833333333 0.6333333333333333 0.043229166666666666 0.1259259259259259
0 0.88359375 0.6050925925925926 0.05677083333333333 0.062037037037037036
0 0.8963541666666667 0.487962962962963 0.05 0.12962962962962962
0 0.23046875 0.6759259259259259 0.06302083333333333 0.15555555555555556