0 0.42109375 0.5555555555555556 0.1796875 0.37037037037037035
0 0.6044270833333333 0.5444444444444444 0.19010416666666666 0.3814814814814815
0 0.7713541666666667 0.5328703703703703 0.15833333333333333 0.3490740740740741
0 0.9044270833333333 0.5398148148148149 0.11927083333333334 0.37037037037037035
0 0.26276041666666666 0.5509259259259259 0.1609375 0.35185185185185186
0 0.15598958333333332 0.5643518518518519 0.0953125 0.4212962962962963
0 0.07734375 0.5796296296296296 0.07760416666666667 0.3074074074074074
0 0.278125 0.8148148148148148 0.09166666666666666 0.20925925925925926
0 0.3575520833333333 0.8046296296296296 0.07135416666666666 0.21666666666666667
0 0.43671875 0.8569444444444444 0.12447916666666667 0.25277777777777777
0 0.5403645833333334 0.8203703703703704 0.1109375 0.23148148148148148
0 0.6513020833333333 0.8101851851851852 0.1140625 0.25
0 0.7635416666666667 0.8013888888888889 0.13020833333333334 0.2175925925925926