0 0.58515625 0.3685185185185185 0.11927083333333334 0.1574074074074074
0 0.43776041666666665 0.3768518518518518 0.16302083333333334 0.17037037037037037
0 0.715625 0.3888888888888889 0.13854166666666667 0.15555555555555556
0 0.64375 0.513425925925926 0.128125 0.19907407407407407
0 0.29348958333333336 0.3625 0.13697916666666668 0.1675925925925926
0 0.4080729166666667 0.5282407407407408 0.09739583333333333 0.18981481481481483
0 0.52109375 0.5435185185185185 0.11822916666666666 0.20925925925925926
0 0.31666666666666665 0.5143518518518518 0.08958333333333333 0.18981481481481483
0 0.23645833333333333 0.5 0.07395833333333333 0.19444444444444445
0 0.18333333333333332 0.33611111111111114 0.08125 0.15555555555555556
0 0.17135416666666667 0.4949074074074074 0.06041666666666667 0.16944444444444445