0 0.5424479166666667 0.42407407407407405 0.14739583333333334 0.18703703703703703
0 0.6651041666666667 0.41435185185185186 0.084375 0.09722222222222222
0 0.7208333333333333 0.5370370370370371 0.09583333333333334 0.14444444444444443
0 0.62734375 0.5662037037037037 0.10572916666666667 0.15462962962962962
0 0.7997395833333333 0.5157407407407407 0.09010416666666667 0.11296296296296296
0 0.7690104166666667 0.41944444444444445 0.10260416666666666 0.10925925925925926
0 0.8489583333333334 0.48657407407407405 0.08541666666666667 0.09166666666666666
0 0.3958333333333333 0.4310185185185185 0.146875 0.1787037037037037
0 0.5278645833333333 0.5773148148148148 0.09635416666666667 0.1398148148148148
0 0.42994791666666665 0.5930555555555556 0.09322916666666667 0.15648148148148147
0 0.3380208333333333 0.575 0.09895833333333333 0.15925925925925927
0 0.28020833333333334 0.43148148148148147 0.08541666666666667 0.09074074074074075
0 0.2557291666666667 0.5685185185185185 0.084375 0.15
0 0.20078125 0.462037037037037 0.0828125 0.10555555555555556
0 0.17317708333333334 0.5532407407407407 0.08072916666666667 0.125
0 0.13203125 0.45092592592592595 0.0703125 0.1
0 0.12005208333333334 0.5347222222222222 0.0609375 0.08796296296296297
0 0.8526041666666667 0.4050925925925926 0.09375 0.11203703703703703