0 0.428125 0.41435185185185186 0.134375 0.4009259259259259
0 0.56171875 0.3902777777777778 0.13802083333333334 0.41944444444444445
0 0.6716145833333333 0.3773148148148148 0.0859375 0.33055555555555555
0 0.7432291666666667 0.3490740740740741 0.06875 0.3611111111111111
0 0.30520833333333336 0.4199074074074074 0.1125 0.39166666666666666
0 0.24036458333333333 0.4824074074074074 0.08072916666666667 0.3
0 0.30755208333333334 0.7722222222222223 0.09739583333333333 0.21481481481481482
0 0.39739583333333334 0.7532407407407408 0.103125 0.2361111111111111
0 0.471875 0.7393518518518518 0.09791666666666667 0.29907407407407405
0 0.5661458333333333 0.7537037037037037 0.09375 0.32037037037037036
0 0.6484375 0.7421296296296296 0.08645833333333333 0.30462962962962964
0 0.7138020833333333 0.7412037037037037 0.06302083333333333 0.2601851851851852
0 0.7627604166666667 0.7680555555555556 0.0609375 0.22314814814814815
0 0.79921875 0.763425925925926 0.08697916666666666 0.2175925925925926
0 0.8395833333333333 0.7319444444444444 0.09895833333333333 0.27314814814814814
0 0.234375 0.8060185185185185 0.05520833333333333 0.15462962962962962
0 0.18229166666666666 0.5027777777777778 0.06875 0.2537037037037037