0 0.5546875 0.39444444444444443 0.12708333333333333 0.2833333333333333
0 0.6619791666666667 0.4009259259259259 0.09270833333333334 0.26481481481481484
0 0.7458333333333333 0.3939814814814815 0.08541666666666667 0.2861111111111111
0 0.4265625 0.4009259259259259 0.12708333333333333 0.28888888888888886
0 0.52578125 0.6231481481481481 0.06822916666666666 0.17222222222222222
0 0.45755208333333336 0.6060185185185185 0.06822916666666666 0.14537037037037037
0 0.596875 0.6 0.07395833333333333 0.14629629629629629
0 0.7481770833333333 0.6027777777777777 0.0671875 0.17037037037037037
0 0.3216145833333333 0.4 0.08697916666666666 0.2740740740740741
0 0.38567708333333334 0.6041666666666666 0.07760416666666667 0.15092592592592594
0 0.3059895833333333 0.5962962962962963 0.08489583333333334 0.1685185185185185
0 0.24192708333333332 0.3925925925925926 0.0765625 0.28888888888888886
0 0.234375 0.6078703703703704 0.06145833333333333 0.16203703703703703
0 0.18151041666666667 0.39166666666666666 0.0484375 0.2518518518518518
0 0.18880208333333334 0.5912037037037037 0.043229166666666666 0.1675925925925926
0 0.8013020833333333 0.5962962962962963 0.05260416666666667 0.17407407407407408
0 0.81015625 0.3800925925925926 0.05677083333333333 0.2712962962962963
0 0.14036458333333332 0.4027777777777778 0.0453125 0.2222222222222222
0 0.146875 0.5972222222222222 0.04791666666666667 0.20925925925925926
0 0.85234375 0.5828703703703704 0.0578125 0.16018518518518518
0 0.8502604166666666 0.3902777777777778 0.04739583333333333 0.24722222222222223
0 0.10520833333333333 0.3925925925925926 0.04375 0.20925925925925926
0 0.89296875 0.5574074074074075 0.03697916666666667 0.1388888888888889
0 0.10104166666666667 0.5643518518518519 0.04791666666666667 0.1527777777777778
0 0.6755208333333333 0.6101851851851852 0.084375 0.1962962962962963