0 0.5395833333333333 0.4083333333333333 0.14166666666666666 0.3592592592592593
0 0.3997395833333333 0.387037037037037 0.15677083333333333 0.5
0 0.2791666666666667 0.4476851851851852 0.10625 0.23981481481481481
0 0.16822916666666668 0.4236111111111111 0.125 0.30833333333333335
0 0.6486979166666667 0.3648148148148148 0.10260416666666666 0.3333333333333333
0 0.7390625 0.38842592592592595 0.11458333333333333 0.1712962962962963
0 0.6549479166666666 0.6069444444444444 0.10364583333333334 0.18611111111111112
0 0.5588541666666667 0.6212962962962963 0.09375 0.12407407407407407
0 0.24036458333333333 0.6175925925925926 0.11927083333333334 0.21296296296296297
0 0.15026041666666667 0.6787037037037037 0.09114583333333333 0.23148148148148148
0 0.8455729166666667 0.35648148148148145 0.0609375 0.14814814814814814
0 0.8018229166666667 0.38425925925925924 0.04739583333333333 0.12962962962962962