0 0.43385416666666665 0.44212962962962965 0.15625 0.2601851851851852
0 0.5911458333333334 0.43796296296296294 0.159375 0.2759259259259259
0 0.7223958333333333 0.4449074074074074 0.10833333333333334 0.23796296296296296
0 0.82578125 0.4564814814814815 0.10364583333333334 0.25925925925925924
0 0.89609375 0.4875 0.07864583333333333 0.19907407407407407
0 0.3072916666666667 0.425462962962963 0.103125 0.22870370370370371
0 0.20859375 0.4356481481481482 0.09947916666666666 0.25462962962962965
0 0.13411458333333334 0.45185185185185184 0.0734375 0.21481481481481482
0 0.25234375 0.6287037037037037 0.09010416666666667 0.2537037037037037
0 0.34322916666666664 0.6324074074074074 0.10208333333333333 0.2518518518518518
0 0.43802083333333336 0.6532407407407408 0.090625 0.16574074074074074
0 0.5369791666666667 0.6574074074074074 0.10625 0.17037037037037037
0 0.6361979166666667 0.6365740740740741 0.1140625 0.24166666666666667
0 0.7299479166666667 0.6560185185185186 0.10052083333333334 0.2490740740740741
0 0.81484375 0.6370370370370371 0.0890625 0.21666666666666667
0 0.17057291666666666 0.6240740740740741 0.10364583333333334 0.20925925925925926
0 0.08932291666666667 0.47453703703703703 0.05572916666666667 0.16944444444444445
0 0.9513020833333333 0.5009259259259259 0.058854166666666666 0.15925925925925927
0 0.11536458333333334 0.6134259259259259 0.05364583333333333 0.12314814814814815
0 0.88125 0.6282407407407408 0.06041666666666667 0.14166666666666666