0 0.5841145833333333 0.5333333333333333 0.13802083333333334 0.40370370370370373
0 0.71015625 0.5708333333333333 0.1140625 0.27314814814814814
0 0.81640625 0.5319444444444444 0.12760416666666666 0.375
0 0.4596354166666667 0.5430555555555555 0.10989583333333333 0.2712962962962963
0 0.32473958333333336 0.5125 0.15885416666666666 0.23981481481481481
0 0.16796875 0.4810185185185185 0.1484375 0.20462962962962963
0 0.3346354166666667 0.7069444444444445 0.1609375 0.23796296296296296
0 0.46848958333333335 0.7546296296296297 0.1171875 0.2740740740740741
0 0.5859375 0.8004629629629629 0.11770833333333333 0.2564814814814815
0 0.6916666666666667 0.7550925925925925 0.09375 0.2175925925925926
0 0.7697916666666667 0.788425925925926 0.06875 0.2101851851851852
0 0.90546875 0.4925925925925926 0.058854166666666666 0.35185185185185186
0 0.8296875 0.7824074074074074 0.05625 0.15555555555555556
0 0.18046875 0.6199074074074075 0.15989583333333332 0.1824074074074074