0 0.40078125 0.42083333333333334 0.1578125 0.31574074074074077
0 0.5604166666666667 0.42314814814814816 0.1625 0.3055555555555556
0 0.6986979166666667 0.41712962962962963 0.1234375 0.27870370370370373
0 0.79375 0.37824074074074077 0.078125 0.33055555555555555
0 0.2677083333333333 0.4300925925925926 0.11770833333333333 0.25462962962962965
0 0.16875 0.4111111111111111 0.084375 0.25925925925925924
0 0.10911458333333333 0.4199074074074074 0.0515625 0.21574074074074073
0 0.16927083333333334 0.586574074074074 0.08645833333333333 0.18611111111111112
0 0.24114583333333334 0.6092592592592593 0.084375 0.1685185185185185
0 0.3265625 0.5967592592592592 0.09166666666666666 0.1527777777777778
0 0.42265625 0.6333333333333333 0.10260416666666666 0.13518518518518519
0 0.5190104166666667 0.5976851851851852 0.0921875 0.13055555555555556
0 0.61796875 0.5958333333333333 0.09114583333333333 0.16018518518518518
0 0.7046875 0.6601851851851852 0.09166666666666666 0.22037037037037038
0 0.7854166666666667 0.5833333333333334 0.07291666666666667 0.19814814814814816
0 0.10833333333333334 0.5842592592592593 0.065625 0.13333333333333333