0 0.5369791666666667 0.4152777777777778 0.1375 0.24351851851851852
0 0.3489583333333333 0.4060185185185185 0.12916666666666668 0.27314814814814814
0 0.6546875 0.42083333333333334 0.10104166666666667 0.21574074074074073
0 0.7518229166666667 0.42962962962962964 0.09635416666666667 0.22592592592592592
0 0.8192708333333333 0.45925925925925926 0.06354166666666666 0.16666666666666666
0 0.871875 0.43287037037037035 0.06145833333333333 0.17314814814814813
0 0.9223958333333333 0.4134259259259259 0.051041666666666666 0.1638888888888889
0 0.44088541666666664 0.4125 0.07135416666666666 0.1675925925925926
0 0.20859375 0.4300925925925926 0.10989583333333333 0.2675925925925926
0 0.3815104166666667 0.5712962962962963 0.08489583333333334 0.17222222222222222
0 0.45859375 0.5574074074074075 0.0734375 0.19074074074074074
0 0.5390625 0.5805555555555556 0.07916666666666666 0.1259259259259259
0 0.6200520833333333 0.575 0.07864583333333333 0.18518518518518517
0 0.6927083333333334 0.5782407407407407 0.08333333333333333 0.175
0 0.77265625 0.5800925925925926 0.06927083333333334 0.14537037037037037
0 0.8315104166666667 0.5671296296296297 0.0546875 0.14722222222222223
0 0.8924479166666667 0.5601851851851852 0.0640625 0.1388888888888889
0 0.13489583333333333 0.44027777777777777 0.046875 0.14537037037037037