0 0.47682291666666665 0.4300925925925926 0.10052083333333334 0.19537037037037036
0 0.5794270833333334 0.42407407407407405 0.1015625 0.2037037037037037
0 0.6658854166666667 0.41944444444444445 0.0703125 0.1648148148148148
0 0.7291666666666666 0.38981481481481484 0.06145833333333333 0.1814814814814815
0 0.7877604166666666 0.3814814814814815 0.0515625 0.16111111111111112
0 0.8223958333333333 0.35833333333333334 0.03229166666666667 0.14629629629629629
0 0.39947916666666666 0.42824074074074076 0.0625 0.16018518518518518
0 0.33958333333333335 0.412962962962963 0.057291666666666664 0.16296296296296298
0 0.28854166666666664 0.4027777777777778 0.04479166666666667 0.15185185185185185
0 0.25234375 0.3685185185185185 0.0296875 0.12777777777777777
0 0.22578125 0.34305555555555556 0.0328125 0.14722222222222223
0 0.19401041666666666 0.29259259259259257 0.04010416666666667 0.11481481481481481
0 0.20052083333333334 0.412962962962963 0.04375 0.11481481481481481
0 0.23515625 0.4791666666666667 0.0515625 0.14166666666666666
0 0.31927083333333334 0.5365740740740741 0.058333333333333334 0.1638888888888889
0 0.37604166666666666 0.5703703703703704 0.0625 0.20555555555555555
0 0.43697916666666664 0.5689814814814815 0.07083333333333333 0.15092592592592594
0 0.5036458333333333 0.5847222222222223 0.06041666666666667 0.1638888888888889
0 0.5645833333333333 0.587037037037037 0.06458333333333334 0.12962962962962962
0 0.6317708333333333 0.5592592592592592 0.06666666666666667 0.14444444444444443
0 0.6966145833333334 0.5657407407407408 0.06302083333333333 0.2037037037037037
0 0.7497395833333333 0.524537037037037 0.06197916666666667 0.13425925925925927
0 0.27578125 0.5037037037037037 0.04010416666666667 0.13333333333333333
0 0.7986979166666667 0.5037037037037037 0.049479166666666664 0.10185185185185185
0 0.8440104166666667 0.45694444444444443 0.0609375 0.12129629629629629
0 0.8528645833333334 0.3347222222222222 0.0328125 0.12314814814814815
0 0.88828125 0.2791666666666667 0.0484375 0.11203703703703703
0 0.8877604166666667 0.39166666666666666 0.06302083333333333 0.11296296296296296