0 0.2911458333333333 0.4083333333333333 0.184375 0.2037037037037037
0 0.45286458333333335 0.39490740740740743 0.10572916666666667 0.12129629629629629
0 0.6200520833333333 0.4148148148148148 0.13802083333333334 0.1425925925925926
0 0.7854166666666667 0.41388888888888886 0.16041666666666668 0.15185185185185185
0 0.9049479166666666 0.4148148148148148 0.08489583333333334 0.12222222222222222
0 0.65546875 0.5518518518518518 0.15885416666666666 0.1425925925925926
0 0.5151041666666667 0.5666666666666667 0.14166666666666666 0.17407407407407408
0 0.38359375 0.5879629629629629 0.12864583333333332 0.18703703703703703
0 0.28098958333333335 0.5972222222222222 0.09427083333333333 0.18518518518518517
0 0.16458333333333333 0.4217592592592593 0.09166666666666666 0.20277777777777778
0 0.19869791666666667 0.6157407407407407 0.08072916666666667 0.1962962962962963
0 0.14973958333333334 0.6134259259259259 0.050520833333333334 0.18055555555555555
0 0.803125 0.5458333333333333 0.15 0.10462962962962963
0 0.1109375 0.4810185185185185 0.041666666666666664 0.16574074074074074