0 0.43359375 0.36342592592592593 0.14427083333333332 0.36574074074074076
0 0.59453125 0.35694444444444445 0.17864583333333334 0.4398148148148148
0 0.7559895833333333 0.3523148148148148 0.14635416666666667 0.41388888888888886
0 0.30442708333333335 0.3861111111111111 0.12239583333333333 0.3574074074074074
0 0.19661458333333334 0.4046296296296296 0.1109375 0.2851851851851852
0 0.09661458333333334 0.41944444444444445 0.09635416666666667 0.21851851851851853
0 0.8721354166666667 0.3333333333333333 0.09114583333333333 0.3425925925925926
0 0.37890625 0.6814814814814815 0.13177083333333334 0.3962962962962963
0 0.25104166666666666 0.6537037037037037 0.12604166666666666 0.3296296296296296
0 0.16510416666666666 0.5916666666666667 0.11145833333333334 0.21851851851851853
0 0.4981770833333333 0.6291666666666667 0.11510416666666666 0.28055555555555556
0 0.8713541666666667 0.6134259259259259 0.071875 0.24722222222222223