0 0.8151041666666666 0.5226851851851851 0.15 0.3824074074074074
0 0.5528645833333333 0.5777777777777777 0.1609375 0.40370370370370373
0 0.69375 0.5435185185185185 0.14375 0.29259259259259257
0 0.18854166666666666 0.6175925925925926 0.203125 0.3037037037037037
0 0.415625 0.6217592592592592 0.11979166666666667 0.2953703703703704
0 0.7791666666666667 0.7768518518518519 0.090625 0.3055555555555556
0 0.32083333333333336 0.6467592592592593 0.08854166666666667 0.15833333333333333
0 0.396875 0.7972222222222223 0.178125 0.14444444444444443
0 0.6002604166666666 0.8115740740740741 0.1546875 0.2824074074074074
0 0.696875 0.7708333333333334 0.084375 0.18055555555555555
0 0.8424479166666666 0.8185185185185185 0.06302083333333333 0.22777777777777777
0 0.8934895833333333 0.8518518518518519 0.0703125 0.25555555555555554
0 0.9138020833333333 0.5430555555555555 0.09635416666666667 0.3787037037037037