0 0.6221354166666667 0.40370370370370373 0.11822916666666666 0.14074074074074075
0 0.4986979166666667 0.4060185185185185 0.1296875 0.14537037037037037
0 0.7145833333333333 0.39490740740740743 0.06875 0.10833333333333334
0 0.3841145833333333 0.4050925925925926 0.0984375 0.11203703703703703
0 0.5924479166666666 0.48333333333333334 0.0796875 0.05555555555555555
0 0.6703125 0.47453703703703703 0.07916666666666666 0.058333333333333334
0 0.72734375 0.46574074074074073 0.0421875 0.06481481481481481
0 0.5140625 0.49074074074074076 0.08229166666666667 0.04814814814814815
0 0.43020833333333336 0.4773148148148148 0.0875 0.08425925925925926
0 0.34791666666666665 0.47638888888888886 0.07708333333333334 0.0712962962962963
0 0.29244791666666664 0.40555555555555556 0.08802083333333334 0.07777777777777778
0 0.27786458333333336 0.4638888888888889 0.06822916666666666 0.07962962962962963