0 0.45338541666666665 0.4287037037037037 0.14010416666666667 0.2388888888888889
0 0.58671875 0.40046296296296297 0.12864583333333332 0.25462962962962965
0 0.6854166666666667 0.42314814814814816 0.07395833333333333 0.2037037037037037
0 0.7348958333333333 0.41203703703703703 0.057291666666666664 0.17777777777777778
0 0.77734375 0.3541666666666667 0.0296875 0.08796296296296297
0 0.3611979166666667 0.44351851851851853 0.09114583333333333 0.20185185185185187
0 0.28411458333333334 0.42916666666666664 0.0640625 0.1638888888888889
0 0.41171875 0.6175925925925926 0.0890625 0.1537037037037037
0 0.33697916666666666 0.5902777777777778 0.06354166666666666 0.12685185185185185
0 0.2921875 0.5537037037037037 0.05625 0.11481481481481481
0 0.58828125 0.6106481481481482 0.0859375 0.17314814814814813
0 0.6489583333333333 0.5712962962962963 0.05416666666666667 0.15185185185185185
0 0.69375 0.5782407407407407 0.04791666666666667 0.11574074074074074
0 0.7416666666666667 0.5564814814814815 0.06354166666666666 0.13148148148148148