0 0.49453125 0.41203703703703703 0.0953125 0.21296296296296297
0 0.5919270833333333 0.4060185185185185 0.09635416666666667 0.2101851851851852
0 0.6786458333333333 0.39490740740740743 0.07604166666666666 0.18055555555555555
0 0.41171875 0.4199074074074074 0.07239583333333334 0.1712962962962963
0 0.3463541666666667 0.4300925925925926 0.0625 0.17685185185185184
0 0.746875 0.3925925925925926 0.065625 0.18888888888888888
0 0.30052083333333335 0.4425925925925926 0.04791666666666667 0.14814814814814814
0 0.79609375 0.4115740740740741 0.0515625 0.14166666666666666
0 0.4549479166666667 0.5638888888888889 0.0609375 0.1574074074074074
0 0.5125 0.5555555555555556 0.057291666666666664 0.10185185185185185
0 0.58046875 0.5513888888888889 0.0546875 0.0824074074074074
0 0.6408854166666667 0.5356481481481481 0.06302083333333333 0.16018518518518518
0 0.7005208333333334 0.5337962962962963 0.06666666666666667 0.17685185185185184
0 0.7572916666666667 0.5319444444444444 0.05625 0.12314814814814815
0 0.39921875 0.5587962962962963 0.06510416666666667 0.14537037037037037
0 0.3419270833333333 0.562037037037037 0.0515625 0.13518518518518519
0 0.30494791666666665 0.549537037037037 0.0421875 0.11574074074074074
0 0.27109375 0.4412037037037037 0.030729166666666665 0.12314814814814815
0 0.25026041666666665 0.43657407407407406 0.018229166666666668 0.09351851851851851
0 0.83046875 0.40925925925925927 0.0359375 0.12777777777777777
0 0.8552083333333333 0.40694444444444444 0.025 0.09722222222222222
0 0.7895833333333333 0.5069444444444444 0.05 0.10648148148148148
0 0.27682291666666664 0.5310185185185186 0.033854166666666664 0.075
0 0.2328125 0.40879629629629627 0.020833333333333332 0.09351851851851851