0 0.43385416666666665 0.3726851851851852 0.1875 0.5175925925925926
0 0.6463541666666667 0.35648148148148145 0.17708333333333334 0.5092592592592593
0 0.7942708333333334 0.30972222222222223 0.115625 0.43796296296296294
0 0.8986979166666667 0.2953703703703704 0.09739583333333333 0.4462962962962963
0 0.2635416666666667 0.3527777777777778 0.134375 0.42407407407407405
0 0.14401041666666667 0.33611111111111114 0.11197916666666667 0.524074074074074
0 0.21979166666666666 0.6601851851851852 0.121875 0.45185185185185184
0 0.33515625 0.711574074074074 0.13697916666666668 0.44537037037037036
0 0.465625 0.7407407407407407 0.125 0.3648148148148148
0 0.6020833333333333 0.6893518518518519 0.121875 0.4287037037037037
0 0.72109375 0.6263888888888889 0.1171875 0.4064814814814815
0 0.8229166666666666 0.6180555555555556 0.09895833333333333 0.44166666666666665
0 0.909375 0.5944444444444444 0.057291666666666664 0.21296296296296297
0 0.12135416666666667 0.6504629629629629 0.08229166666666667 0.38055555555555554
0 0.06380208333333333 0.3472222222222222 0.07447916666666667 0.3296296296296296