0 0.5666666666666667 0.09953703703703703 0.13333333333333333 0.1638888888888889
0 0.6692708333333334 0.13842592592592592 0.09895833333333333 0.15092592592592594
0 0.43802083333333336 0.1037037037037037 0.128125 0.1685185185185185
0 0.33489583333333334 0.1375 0.09895833333333333 0.14351851851851852
0 0.26875 0.23796296296296296 0.12916666666666668 0.1685185185185185
0 0.7408854166666666 0.2300925925925926 0.13072916666666667 0.175
0 0.7877604166666666 0.3800925925925926 0.15052083333333333 0.15833333333333333
0 0.8291666666666667 0.5111111111111111 0.13958333333333334 0.15555555555555556
0 0.86875 0.6875 0.17708333333333334 0.25833333333333336
0 0.9041666666666667 0.875 0.17083333333333334 0.21481481481481482
0 0.22473958333333333 0.37777777777777777 0.14739583333333334 0.1648148148148148
0 0.18072916666666666 0.5050925925925925 0.13958333333333334 0.15462962962962962
0 0.14375 0.6675925925925926 0.17708333333333334 0.2462962962962963
0 0.10520833333333333 0.8453703703703703 0.175 0.2222222222222222