0 0.4484375 0.37222222222222223 0.11979166666666667 0.2851851851851852
0 0.56875 0.37083333333333335 0.12083333333333333 0.2935185185185185
0 0.6684895833333333 0.38472222222222224 0.08072916666666667 0.2212962962962963
0 0.7359375 0.3875 0.07708333333333334 0.20833333333333334
0 0.796875 0.37824074074074077 0.04895833333333333 0.16944444444444445
0 0.35104166666666664 0.3773148148148148 0.07916666666666666 0.23425925925925925
0 0.28489583333333335 0.40370370370370373 0.06875 0.2037037037037037
0 0.23463541666666668 0.38425925925925924 0.0359375 0.15925925925925927
0 0.33984375 0.5712962962962963 0.0671875 0.17777777777777778
0 0.40729166666666666 0.587037037037037 0.07395833333333333 0.1925925925925926
0 0.475 0.6157407407407407 0.06875 0.2074074074074074
0 0.5463541666666667 0.6027777777777777 0.07291666666666667 0.17592592592592593
0 0.62265625 0.5925925925925926 0.07864583333333333 0.19444444444444445
0 0.6885416666666667 0.5592592592592592 0.07291666666666667 0.1925925925925926
0 0.74453125 0.5342592592592592 0.06510416666666667 0.15
0 0.2786458333333333 0.5509259259259259 0.06458333333333334 0.14074074074074075
0 0.23489583333333333 0.49583333333333335 0.04583333333333333 0.10462962962962963
0 0.7895833333333333 0.49398148148148147 0.042708333333333334 0.10648148148148148