0 0.5098958333333333 0.3925925925925926 0.109375 0.3888888888888889
0 0.5473958333333333 0.11805555555555555 0.16875 0.23425925925925925
0 0.6809895833333334 0.08981481481481482 0.10572916666666667 0.17777777777777778
0 0.7171875 0.35509259259259257 0.09479166666666666 0.4675925925925926
0 0.61484375 0.3925925925925926 0.11197916666666667 0.4351851851851852
0 0.37838541666666664 0.12685185185185185 0.1734375 0.2518518518518518
0 0.240625 0.10648148148148148 0.10625 0.2111111111111111
0 0.40338541666666666 0.43333333333333335 0.1078125 0.38333333333333336
0 0.2955729166666667 0.4125 0.11927083333333334 0.4101851851851852
0 0.7796875 0.34953703703703703 0.08229166666666667 0.44907407407407407
0 0.7606770833333333 0.08703703703703704 0.08489583333333334 0.17222222222222222
0 0.15651041666666668 0.12638888888888888 0.07760416666666667 0.25092592592592594
0 0.19869791666666667 0.3824074074074074 0.0921875 0.44074074074074077
0 0.12864583333333332 0.38333333333333336 0.08333333333333333 0.3388888888888889
0 0.09635416666666667 0.11435185185185186 0.06354166666666666 0.22685185185185186