0 0.43385416666666665 0.40879629629629627 0.153125 0.25462962962962965
0 0.5846354166666666 0.4115740740740741 0.1515625 0.25833333333333336
0 0.7018229166666666 0.40370370370370373 0.1140625 0.2462962962962963
0 0.80234375 0.42592592592592593 0.09427083333333333 0.23703703703703705
0 0.2984375 0.4162037037037037 0.12916666666666668 0.20277777777777778
0 0.19505208333333332 0.4185185185185185 0.09947916666666666 0.2388888888888889
0 0.12213541666666666 0.4305555555555556 0.05677083333333333 0.2074074074074074
0 0.08229166666666667 0.43703703703703706 0.041666666666666664 0.18888888888888888
0 0.8716145833333333 0.43148148148148147 0.0546875 0.21851851851851853
0 0.9119791666666667 0.4361111111111111 0.03958333333333333 0.17777777777777778
0 0.959375 0.4009259259259259 0.06041666666666667 0.19814814814814816
0 0.04114583333333333 0.38981481481481484 0.05625 0.18703703703703703
0 0.23828125 0.6356481481481482 0.10052083333333334 0.27685185185185185
0 0.32890625 0.6166666666666667 0.10364583333333334 0.22962962962962963
0 0.4744791666666667 0.6347222222222222 0.09479166666666666 0.2324074074074074
0 0.56953125 0.6393518518518518 0.09739583333333333 0.2212962962962963
0 0.66796875 0.6407407407407407 0.1078125 0.24074074074074073
0 0.7520833333333333 0.6458333333333334 0.09583333333333334 0.24351851851851852
0 0.8325520833333333 0.611574074074074 0.07239583333333334 0.19537037037037036
0 0.8786458333333333 0.6060185185185185 0.03854166666666667 0.14166666666666666
0 0.9309895833333334 0.5615740740740741 0.09322916666666667 0.13796296296296295
0 0.16536458333333334 0.6143518518518518 0.06927083333333334 0.1787037037037037
0 0.07291666666666667 0.5481481481481482 0.06979166666666667 0.13518518518518519