0 0.5619791666666667 0.42314814814814816 0.13958333333333334 0.2777777777777778
0 0.6799479166666667 0.4027777777777778 0.10677083333333333 0.2222222222222222
0 0.42083333333333334 0.4162037037037037 0.140625 0.27685185185185185
0 0.47109375 0.6365740740740741 0.0796875 0.2212962962962963
0 0.5390625 0.6212962962962963 0.06979166666666667 0.13148148148148148
0 0.61484375 0.6078703703703704 0.0828125 0.21944444444444444
0 0.7018229166666666 0.5898148148148148 0.09635416666666667 0.2037037037037037
0 0.38385416666666666 0.6087962962962963 0.0875 0.17685185185185184
0 0.33645833333333336 0.462037037037037 0.053125 0.16111111111111112
0 0.2916666666666667 0.6087962962962963 0.08854166666666667 0.24537037037037038
0 0.25442708333333336 0.4134259259259259 0.10052083333333334 0.22314814814814815
0 0.21875 0.5736111111111111 0.0625 0.16018518518518518
0 0.7651041666666667 0.4 0.08333333333333333 0.21296296296296297