0 0.6802083333333333 0.5402777777777777 0.121875 0.32685185185185184
0 0.5643229166666667 0.5462962962962963 0.10989583333333333 0.26296296296296295
0 0.4552083333333333 0.538425925925926 0.10520833333333333 0.24722222222222223
0 0.3572916666666667 0.5296296296296297 0.10104166666666667 0.2222222222222222
0 0.6455729166666667 0.23703703703703705 0.11197916666666667 0.2851851851851852
0 0.5096354166666667 0.23425925925925925 0.1640625 0.32037037037037036
0 0.34401041666666665 0.24722222222222223 0.16614583333333333 0.29814814814814816
0 0.22760416666666666 0.26342592592592595 0.09166666666666666 0.23981481481481481
0 0.76640625 0.5203703703703704 0.09322916666666667 0.21851851851851853
0 0.25807291666666665 0.5370370370370371 0.1046875 0.23703703703703705
0 0.16145833333333334 0.5601851851851852 0.10104166666666667 0.34814814814814815
0 0.1328125 0.28888888888888886 0.10625 0.24814814814814815
0 0.76171875 0.2689814814814815 0.12135416666666667 0.2916666666666667