0 0.3653645833333333 0.3662037037037037 0.2140625 0.24351851851851852
0 0.5854166666666667 0.35 0.23125 0.24814814814814815
0 0.7510416666666667 0.3125 0.15729166666666666 0.19722222222222222
0 0.20677083333333332 0.3736111111111111 0.115625 0.1675925925925926
0 0.3028645833333333 0.6023148148148149 0.13802083333333334 0.19537037037037036
0 0.4236979166666667 0.5546296296296296 0.1296875 0.16111111111111112
0 0.5604166666666667 0.5462962962962963 0.14895833333333333 0.16296296296296298
0 0.6997395833333333 0.5518518518518518 0.1546875 0.18333333333333332
0 0.8346354166666666 0.5217592592592593 0.14635416666666667 0.21388888888888888
0 0.196875 0.5907407407407408 0.090625 0.21481481481481482
0 0.1140625 0.38333333333333336 0.09895833333333333 0.1574074074074074
0 0.12109375 0.5861111111111111 0.0984375 0.24074074074074073
0 0.8690104166666667 0.3106481481481482 0.13177083333333334 0.18796296296296297