0 0.5723958333333333 0.2726851851851852 0.09895833333333333 0.14907407407407408
0 0.46640625 0.27824074074074073 0.11822916666666666 0.14351851851851852
0 0.36875 0.2824074074074074 0.07604166666666666 0.11481481481481481
0 0.6484375 0.2708333333333333 0.06458333333333334 0.125
0 0.2955729166666667 0.2810185185185185 0.07447916666666667 0.11574074074074074
0 0.23880208333333333 0.28703703703703703 0.04635416666666667 0.08518518518518518
0 0.2671875 0.37592592592592594 0.058333333333333334 0.08703703703703704
0 0.3263020833333333 0.3861111111111111 0.0703125 0.13148148148148148
0 0.38333333333333336 0.37962962962962965 0.07083333333333333 0.11296296296296296
0 0.4505208333333333 0.39166666666666666 0.06979166666666667 0.09259259259259259
0 0.5177083333333333 0.38425925925925924 0.06145833333333333 0.09074074074074075
0 0.5809895833333333 0.3800925925925926 0.0546875 0.0712962962962963
0 0.6981770833333333 0.2652777777777778 0.0578125 0.11944444444444445
0 0.6369791666666667 0.38287037037037036 0.059375 0.10277777777777777