0 0.55078125 0.6736111111111112 0.13177083333333334 0.2064814814814815
0 0.4234375 0.6865740740740741 0.14479166666666668 0.20277777777777778
0 0.30833333333333335 0.65 0.096875 0.17962962962962964
0 0.4588541666666667 0.38657407407407407 0.07916666666666666 0.287962962962963
0 0.5361979166666667 0.3902777777777778 0.0859375 0.29907407407407405
0 0.6169270833333333 0.4356481481481482 0.0796875 0.22685185185185186
0 0.6528645833333333 0.6402777777777777 0.0828125 0.17685185185185184
0 0.690625 0.4689814814814815 0.078125 0.19722222222222222
0 0.7255208333333333 0.6203703703703703 0.07083333333333333 0.18703703703703703
0 0.7471354166666667 0.4699074074074074 0.0546875 0.12314814814814815
0 0.384375 0.43287037037037035 0.09270833333333334 0.22314814814814815
0 0.28046875 0.4615740740740741 0.1046875 0.2101851851851852
0 0.21822916666666667 0.6171296296296296 0.09166666666666666 0.19537037037037036
0 0.20390625 0.4685185185185185 0.08177083333333333 0.14629629629629629
0 0.16302083333333334 0.5828703703703704 0.05625 0.15462962962962962
0 0.76875 0.5791666666666667 0.04583333333333333 0.15092592592592594