0 0.40651041666666665 0.4324074074074074 0.24635416666666668 0.5722222222222222
0 0.6486979166666667 0.45 0.24010416666666667 0.5574074074074075
0 0.834375 0.40046296296296297 0.1625 0.4361111111111111
0 0.21119791666666668 0.38425925925925924 0.17552083333333332 0.43333333333333335
0 0.3255208333333333 0.7444444444444445 0.16354166666666667 0.32037037037037036
0 0.47265625 0.7754629629629629 0.12760416666666666 0.23796296296296296
0 0.5963541666666666 0.7949074074074074 0.12291666666666666 0.19166666666666668
0 0.7395833333333334 0.7569444444444444 0.16145833333333334 0.3138888888888889
0 0.86328125 0.7388888888888889 0.1390625 0.337037037037037
0 0.19322916666666667 0.7208333333333333 0.14791666666666667 0.4083333333333333
0 0.07213541666666666 0.32731481481481484 0.13385416666666666 0.41388888888888886
0 0.07291666666666667 0.6171296296296296 0.11458333333333333 0.25833333333333336