0 0.6265625 0.3597222222222222 0.17916666666666667 0.20092592592592592
0 0.440625 0.33935185185185185 0.19166666666666668 0.23981481481481481
0 0.29010416666666666 0.31666666666666665 0.115625 0.24814814814814815
0 0.7677083333333333 0.36342592592592593 0.1125 0.18796296296296297
0 0.8544270833333333 0.3712962962962963 0.07760416666666667 0.21296296296296297
0 0.771875 0.6134259259259259 0.115625 0.33425925925925926
0 0.6765625 0.6143518518518518 0.128125 0.3435185185185185
0 0.5848958333333333 0.6236111111111111 0.115625 0.3527777777777778
0 0.47604166666666664 0.6226851851851852 0.115625 0.3509259259259259
0 0.36744791666666665 0.6069444444444444 0.1359375 0.36203703703703705
0 0.27786458333333336 0.6263888888888889 0.13072916666666667 0.39537037037037037
0 0.19661458333333334 0.32685185185185184 0.08072916666666667 0.31666666666666665
0 0.18854166666666666 0.6148148148148148 0.071875 0.3351851851851852
0 0.8453125 0.611574074074074 0.07395833333333333 0.30648148148148147