0 0.540625 0.41759259259259257 0.10520833333333333 0.1685185185185185
0 0.36015625 0.42777777777777776 0.0390625 0.12407407407407407
0 0.6192708333333333 0.42083333333333334 0.052083333333333336 0.11574074074074074
0 0.43203125 0.4287037037037037 0.1078125 0.17222222222222222
0 0.6932291666666667 0.4041666666666667 0.041666666666666664 0.11018518518518519
0 0.6580729166666667 0.41435185185185186 0.043229166666666666 0.12685185185185185
0 0.31588541666666664 0.4217592592592593 0.05364583333333333 0.14351851851851852
0 0.6028645833333334 0.5032407407407408 0.05260416666666667 0.062037037037037036
0 0.6369791666666667 0.48703703703703705 0.030208333333333334 0.046296296296296294
0 0.26666666666666666 0.387037037037037 0.00625 0.07407407407407407
0 0.2830729166666667 0.41574074074074074 0.0296875 0.10555555555555556
0 0.41119791666666666 0.5111111111111111 0.0546875 0.04259259259259259
0 0.478125 0.5111111111111111 0.058333333333333334 0.05
0 0.5416666666666666 0.5166666666666667 0.07083333333333333 0.037037037037037035
0 0.36484375 0.49722222222222223 0.0421875 0.053703703703703705