0 0.3875 0.4305555555555556 0.13229166666666667 0.2388888888888889
0 0.5151041666666667 0.41805555555555557 0.13229166666666667 0.24537037037037038
0 0.6208333333333333 0.425462962962963 0.08541666666666667 0.20277777777777778
0 0.7002604166666667 0.38842592592592595 0.0828125 0.2064814814814815
0 0.2752604166666667 0.4527777777777778 0.08697916666666666 0.17222222222222222
0 0.20963541666666666 0.44583333333333336 0.05260416666666667 0.1398148148148148
0 0.7765625 0.38101851851851853 0.07395833333333333 0.14537037037037037
0 0.82421875 0.3592592592592593 0.0359375 0.10740740740740741
0 0.86484375 0.32175925925925924 0.0546875 0.10462962962962963
0 0.16822916666666668 0.4203703703703704 0.03125 0.0962962962962963
0 0.46015625 0.5768518518518518 0.0734375 0.12962962962962962
0 0.5234375 0.5777777777777777 0.084375 0.1037037037037037
0 0.6041666666666666 0.5578703703703703 0.08645833333333333 0.11944444444444445
0 0.6739583333333333 0.5365740740740741 0.06145833333333333 0.11018518518518519
0 0.7401041666666667 0.5208333333333334 0.07291666666666667 0.16574074074074074
0 0.23697916666666666 0.5509259259259259 0.04479166666666667 0.12037037037037036