0 0.409375 0.26342592592592595 0.15416666666666667 0.3768518518518518
0 0.5669270833333333 0.26666666666666666 0.1609375 0.4074074074074074
0 0.7072916666666667 0.2652777777777778 0.11875 0.39166666666666666
0 0.8091145833333333 0.2847222222222222 0.0953125 0.41203703703703703
0 0.2838541666666667 0.26342592592592595 0.10520833333333333 0.32685185185185184
0 0.19270833333333334 0.26851851851851855 0.08958333333333333 0.3592592592592593
0 0.18307291666666667 0.5949074074074074 0.06614583333333333 0.33055555555555555
0 0.26458333333333334 0.5898148148148148 0.09791666666666667 0.3574074074074074
0 0.34869791666666666 0.5421296296296296 0.10364583333333334 0.25092592592592594
0 0.43854166666666666 0.5606481481481481 0.090625 0.23981481481481481
0 0.5294270833333333 0.5657407407407408 0.09114583333333333 0.2537037037037037
0 0.62421875 0.5523148148148148 0.10260416666666666 0.2564814814814815
0 0.7239583333333334 0.5916666666666667 0.1125 0.3296296296296296
0 0.80859375 0.5824074074074074 0.06927083333333334 0.24074074074074073
0 0.87421875 0.32685185185185184 0.059895833333333336 0.30925925925925923
0 0.8635416666666667 0.562962962962963 0.053125 0.2111111111111111
0 0.14192708333333334 0.5662037037037037 0.04010416666666667 0.275
0 0.13177083333333334 0.30324074074074076 0.04895833333333333 0.25277777777777777
0 0.10208333333333333 0.31203703703703706 0.042708333333333334 0.2611111111111111
0 0.9143229166666667 0.324537037037037 0.0453125 0.3101851851851852
0 0.915625 0.5546296296296296 0.059375 0.17222222222222222