0 0.41171875 0.4699074074074074 0.18802083333333333 0.41944444444444445
0 0.5950520833333334 0.44583333333333336 0.18489583333333334 0.41574074074074074
0 0.7651041666666667 0.44907407407407407 0.14375 0.31851851851851853
0 0.8713541666666667 0.425 0.0875 0.362962962962963
0 0.25625 0.48518518518518516 0.12395833333333334 0.3296296296296296
0 0.15625 0.4564814814814815 0.08854166666666667 0.34074074074074073
0 0.0984375 0.4564814814814815 0.05625 0.22962962962962963
0 0.1625 0.6782407407407407 0.065625 0.18796296296296297
0 0.23958333333333334 0.7486111111111111 0.090625 0.29907407407407405
0 0.32890625 0.7245370370370371 0.1203125 0.262037037037037
0 0.44869791666666664 0.7546296296296297 0.10989583333333333 0.22777777777777777
0 0.578125 0.7476851851851852 0.10625 0.2064814814814815
0 0.7104166666666667 0.6694444444444444 0.11666666666666667 0.3111111111111111
0 0.8044270833333333 0.6777777777777778 0.09114583333333333 0.2796296296296296
0 0.9346354166666667 0.3851851851851852 0.0390625 0.24074074074074073