0 0.5549479166666667 0.2310185185185185 0.13385416666666666 0.3194444444444444
0 0.41953125 0.25601851851851853 0.14114583333333333 0.33240740740740743
0 0.3026041666666667 0.26851851851851855 0.10208333333333333 0.2962962962962963
0 0.6481770833333333 0.19814814814814816 0.08177083333333333 0.30185185185185187
0 0.7111979166666667 0.16064814814814815 0.0578125 0.26944444444444443
0 0.7559895833333333 0.17037037037037037 0.043229166666666666 0.22962962962962963
0 0.21692708333333333 0.2773148148148148 0.0796875 0.2861111111111111
0 0.1359375 0.2851851851851852 0.08958333333333333 0.22592592592592592
0 0.6682291666666667 0.8495370370370371 0.08645833333333333 0.24351851851851852
0 0.5885416666666666 0.8814814814814815 0.08541666666666667 0.20925925925925926
0 0.5127604166666667 0.8865740740740741 0.07239583333333334 0.20092592592592592
0 0.4440104166666667 0.8962962962962963 0.07552083333333333 0.17962962962962964
0 0.3625 0.9032407407407408 0.10104166666666667 0.16944444444444445
0 0.27630208333333334 0.8935185185185185 0.1015625 0.18703703703703703
0 0.20494791666666667 0.8898148148148148 0.06822916666666666 0.19444444444444445
0 0.18307291666666667 0.8439814814814814 0.1078125 0.1935185185185185
0 0.696875 0.7768518518518519 0.08854166666666667 0.20925925925925926
0 0.7109375 0.7046296296296296 0.11666666666666667 0.17407407407407408