0 0.43307291666666664 0.2916666666666667 0.15364583333333334 0.40555555555555556
0 0.5833333333333334 0.28703703703703703 0.15208333333333332 0.40370370370370373
0 0.6971354166666667 0.23796296296296296 0.0859375 0.35555555555555557
0 0.7713541666666667 0.26064814814814813 0.07604166666666666 0.3768518518518518
0 0.309375 0.24305555555555555 0.10208333333333333 0.3675925925925926
0 0.22421875 0.26805555555555555 0.08072916666666667 0.325
0 0.34296875 0.7069444444444445 0.1171875 0.3212962962962963
0 0.44947916666666665 0.6754629629629629 0.09791666666666667 0.3175925925925926
0 0.5510416666666667 0.6824074074074075 0.10104166666666667 0.30925925925925923
0 0.64765625 0.7013888888888888 0.11302083333333333 0.30462962962962964
0 0.26901041666666664 0.6416666666666667 0.10052083333333334 0.34814814814814815
0 0.7026041666666667 0.6305555555555555 0.07708333333333334 0.32407407407407407
0 0.75234375 0.6032407407407407 0.07239583333333334 0.24166666666666667
0 0.21145833333333333 0.5930555555555556 0.09166666666666666 0.25277777777777777
0 0.18098958333333334 0.2796296296296296 0.058854166666666666 0.2351851851851852
0 0.12447916666666667 0.23703703703703705 0.06770833333333333 0.26296296296296295
0 0.15755208333333334 0.5351851851851852 0.11822916666666666 0.26296296296296295