0 0.48489583333333336 0.28888888888888886 0.16145833333333334 0.3055555555555556
0 0.6473958333333333 0.30462962962962964 0.15833333333333333 0.29814814814814816
0 0.77421875 0.3111111111111111 0.0953125 0.24444444444444444
0 0.3333333333333333 0.26435185185185184 0.13645833333333332 0.28425925925925927
0 0.3776041666666667 0.4486111111111111 0.09895833333333333 0.09166666666666666
0 0.22317708333333333 0.26157407407407407 0.09427083333333333 0.28055555555555556
0 0.8432291666666667 0.35509259259259257 0.07604166666666666 0.23055555555555557
0 0.26979166666666665 0.49907407407407406 0.08333333333333333 0.13333333333333333
0 0.7606770833333333 0.5680555555555555 0.07864583333333333 0.18796296296296297
0 0.5770833333333333 0.48055555555555557 0.10416666666666667 0.12407407407407407
0 0.21510416666666668 0.48009259259259257 0.08125 0.1527777777777778
0 0.17838541666666666 0.33240740740740743 0.0640625 0.13703703703703704
0 0.16380208333333332 0.44583333333333336 0.06614583333333333 0.11203703703703703