0 0.6958333333333333 0.4185185185185185 0.16145833333333334 0.2574074074074074
0 0.45260416666666664 0.43333333333333335 0.14583333333333334 0.22962962962962963
0 0.5059895833333333 0.6481481481481481 0.1359375 0.26666666666666666
0 0.5744791666666667 0.48194444444444445 0.10416666666666667 0.16203703703703703
0 0.6263020833333334 0.6273148148148148 0.10885416666666667 0.19537037037037036
0 0.7158854166666667 0.638425925925926 0.08385416666666666 0.2064814814814815
0 0.37135416666666665 0.6092592592592593 0.14166666666666666 0.2037037037037037
0 0.23463541666666668 0.5944444444444444 0.13489583333333333 0.17592592592592593
0 0.30390625 0.4444444444444444 0.13802083333333334 0.20555555555555555
0 0.8247395833333333 0.43425925925925923 0.1171875 0.24814814814814815
0 0.1203125 0.5814814814814815 0.10625 0.1537037037037037