0 0.35442708333333334 0.425 0.0890625 0.18888888888888888
0 0.45286458333333335 0.43194444444444446 0.10989583333333333 0.19537037037037036
0 0.5609375 0.43287037037037035 0.10729166666666666 0.2064814814814815
0 0.6513020833333333 0.4263888888888889 0.0890625 0.19722222222222222
0 0.7205729166666667 0.44212962962962965 0.0640625 0.21203703703703702
0 0.27734375 0.45 0.07135416666666666 0.2518518518518518
0 0.36432291666666666 0.6342592592592593 0.06927083333333334 0.2074074074074074
0 0.4328125 0.6398148148148148 0.06979166666666667 0.18518518518518517
0 0.47604166666666664 0.6791666666666667 0.07083333333333333 0.17685185185185184
0 0.5338541666666666 0.6416666666666667 0.06979166666666667 0.1574074074074074
0 0.5963541666666666 0.6361111111111111 0.06875 0.18518518518518517
0 0.6583333333333333 0.6226851851851852 0.06041666666666667 0.1935185185185185