0 0.46979166666666666 0.4083333333333333 0.23020833333333332 0.4666666666666667
0 0.6567708333333333 0.37592592592592594 0.17708333333333334 0.42777777777777776
0 0.7973958333333333 0.34814814814814815 0.14583333333333334 0.3574074074074074
0 0.25807291666666665 0.3939814814814815 0.19427083333333334 0.4324074074074074
0 0.63828125 0.7106481481481481 0.1640625 0.2712962962962963
0 0.36380208333333336 0.7074074074074074 0.1203125 0.21851851851851853
0 0.48723958333333334 0.7314814814814815 0.1296875 0.20185185185185187
0 0.7802083333333333 0.6074074074074074 0.134375 0.18518518518518517
0 0.24557291666666667 0.6722222222222223 0.14635416666666667 0.22037037037037038
0 0.11276041666666667 0.35 0.1359375 0.39814814814814814
0 0.9114583333333334 0.31666666666666665 0.09375 0.30925925925925923
0 0.8895833333333333 0.5097222222222222 0.08229166666666667 0.14351851851851852
0 0.13958333333333334 0.6662037037037037 0.115625 0.2916666666666667
0 0.06484375 0.6347222222222222 0.09114583333333333 0.30648148148148147