0 0.15182291666666667 0.38287037037037036 0.18802083333333333 0.2675925925925926
0 0.21041666666666667 0.5523148148148148 0.1375 0.19722222222222222
0 0.24453125 0.6833333333333333 0.12447916666666667 0.17037037037037037
0 0.8817708333333333 0.12453703703703704 0.17291666666666666 0.24166666666666667
0 0.8171875 0.3560185185185185 0.19270833333333334 0.25833333333333336
0 0.7809895833333333 0.5282407407407408 0.13072916666666667 0.175
0 0.7434895833333334 0.6726851851851852 0.1234375 0.18796296296296297
0 0.6919270833333333 0.8009259259259259 0.1359375 0.1648148148148148
0 0.6096354166666667 0.8694444444444445 0.11822916666666666 0.1388888888888889
0 0.5296875 0.8694444444444445 0.096875 0.13518518518518519
0 0.43802083333333336 0.8893518518518518 0.096875 0.13796296296296295
0 0.35104166666666664 0.8634259259259259 0.10104166666666667 0.12685185185185185
0 0.27760416666666665 0.8208333333333333 0.11458333333333333 0.18055555555555555