0 0.4635416666666667 0.36712962962962964 0.109375 0.10277777777777777
0 0.553125 0.37222222222222223 0.07395833333333333 0.08148148148148149
0 0.6151041666666667 0.37962962962962965 0.065625 0.08518518518518518
0 0.35442708333333334 0.36898148148148147 0.10885416666666667 0.10092592592592593
0 0.4317708333333333 0.43333333333333335 0.06875 0.053703703703703705
0 0.4984375 0.4263888888888889 0.0625 0.04722222222222222
0 0.5591145833333333 0.4361111111111111 0.05364583333333333 0.06481481481481481
0 0.603125 0.4356481481481482 0.0375 0.04351851851851852
0 0.26458333333333334 0.37222222222222223 0.078125 0.08148148148148149
0 0.2981770833333333 0.42962962962962964 0.0515625 0.046296296296296294
0 0.3611979166666667 0.44074074074074077 0.0671875 0.046296296296296294
0 0.19557291666666668 0.3773148148148148 0.0796875 0.09537037037037037
0 0.24427083333333333 0.4356481481481482 0.058333333333333334 0.058333333333333334
0 0.196875 0.4439814814814815 0.041666666666666664 0.049074074074074076
0 0.165625 0.39814814814814814 0.04791666666666667 0.06111111111111111
0 0.15911458333333334 0.44583333333333336 0.03697916666666667 0.03981481481481482
0 0.66640625 0.41759259259259257 0.0296875 0.037037037037037035
0 0.65 0.3921296296296296 0.041666666666666664 0.062037037037037036