0 0.8239583333333333 0.18194444444444444 0.14479166666666668 0.20833333333333334
0 0.7986979166666667 0.36342592592592593 0.14427083333333332 0.22314814814814815
0 0.7736979166666667 0.5388888888888889 0.1203125 0.15555555555555556
0 0.7450520833333333 0.6726851851851852 0.10052083333333334 0.16018518518518518
0 0.709375 0.787962962962963 0.125 0.13518518518518519
0 0.62421875 0.8638888888888889 0.09427083333333333 0.14444444444444443
0 0.55078125 0.8916666666666667 0.06822916666666666 0.14814814814814814
0 0.4856770833333333 0.861574074074074 0.0765625 0.10462962962962963
0 0.41015625 0.8638888888888889 0.0859375 0.11666666666666667
0 0.33229166666666665 0.8046296296296296 0.09791666666666667 0.14444444444444443
0 0.278125 0.6861111111111111 0.1 0.15925925925925927
0 0.24296875 0.5425925925925926 0.11614583333333334 0.1685185185185185
0 0.20286458333333332 0.3731481481481482 0.1453125 0.23333333333333334
0 0.14791666666666667 0.18055555555555555 0.140625 0.21296296296296297