0 0.5770833333333333 0.3199074074074074 0.14791666666666667 0.31203703703703706
0 0.5854166666666667 0.5976851851851852 0.0875 0.25462962962962965
0 0.4984375 0.562962962962963 0.08854166666666667 0.2037037037037037
0 0.4388020833333333 0.3148148148148148 0.13177083333333334 0.2962962962962963
0 0.66796875 0.5652777777777778 0.08072916666666667 0.22870370370370371
0 0.69296875 0.31666666666666665 0.0984375 0.2814814814814815
0 0.33567708333333335 0.31851851851851853 0.0796875 0.22592592592592592
0 0.34479166666666666 0.5634259259259259 0.08229166666666667 0.2861111111111111
0 0.4203125 0.5689814814814815 0.075 0.24351851851851852
0 0.2703125 0.3365740740740741 0.07604166666666666 0.22870370370370371
0 0.29375 0.55 0.06666666666666667 0.2388888888888889
0 0.22994791666666667 0.36435185185185187 0.04739583333333333 0.1712962962962963
0 0.7239583333333334 0.6532407407407408 0.10104166666666667 0.4027777777777778
0 0.7822916666666667 0.30694444444444446 0.09895833333333333 0.29907407407407405
0 0.81875 0.399537037037037 0.05625 0.17685185185185184
0 0.2604166666666667 0.5208333333333334 0.03958333333333333 0.14722222222222223
0 0.7890625 0.6078703703703704 0.06354166666666666 0.2657407407407407