0 0.5986979166666667 0.3731481481481482 0.16197916666666667 0.26296296296296295
0 0.43411458333333336 0.3527777777777778 0.1671875 0.29074074074074074
0 0.8401041666666667 0.25462962962962965 0.11041666666666666 0.2611111111111111
0 0.2955729166666667 0.3625 0.11822916666666666 0.2175925925925926
0 0.5104166666666666 0.5606481481481481 0.103125 0.21944444444444444
0 0.7096354166666666 0.5856481481481481 0.10989583333333333 0.22870370370370371
0 0.7255208333333333 0.39537037037037037 0.096875 0.18518518518518517
0 0.7846354166666667 0.5726851851851852 0.09947916666666666 0.21388888888888888
0 0.4109375 0.5546296296296296 0.09479166666666666 0.15185185185185185
0 0.6276041666666666 0.5569444444444445 0.13333333333333333 0.21944444444444444
0 0.23567708333333334 0.6148148148148148 0.11302083333333333 0.2777777777777778
0 0.3182291666666667 0.5203703703703704 0.09583333333333334 0.17592592592592593
0 0.2 0.38657407407407407 0.10104166666666667 0.24537037037037038
0 0.8244791666666667 0.44907407407407407 0.11145833333333334 0.1574074074074074