0 0.6067708333333334 0.5726851851851852 0.240625 0.3472222222222222
0 0.37161458333333336 0.5361111111111111 0.23489583333333333 0.4166666666666667
0 0.80546875 0.5087962962962963 0.16822916666666668 0.35648148148148145
0 0.17421875 0.5337962962962963 0.1671875 0.3398148148148148
0 0.8890625 0.8180555555555555 0.17395833333333333 0.35648148148148145
0 0.20703125 0.8375 0.14322916666666666 0.31574074074074077
0 0.3424479166666667 0.8138888888888889 0.15677083333333333 0.25
0 0.48411458333333335 0.8240740740740741 0.1546875 0.22037037037037038
0 0.621875 0.8324074074074074 0.13125 0.1962962962962963
0 0.7473958333333334 0.7912037037037037 0.13333333333333333 0.2972222222222222
0 0.9393229166666667 0.4824074074074074 0.11927083333333334 0.3648148148148148
0 0.0578125 0.5444444444444444 0.10416666666666667 0.3537037037037037
0 0.09895833333333333 0.7912037037037037 0.08020833333333334 0.2212962962962963