0 0.5486979166666667 0.44583333333333336 0.1109375 0.18611111111111112
0 0.6377604166666667 0.45185185185185184 0.07239583333333334 0.13703703703703704
0 0.4393229166666667 0.4462962962962963 0.10989583333333333 0.18518518518518517
0 0.35 0.45 0.071875 0.15925925925925927
0 0.2955729166666667 0.43703703703703706 0.0515625 0.17407407407407408
0 0.2682291666666667 0.44212962962962965 0.029166666666666667 0.12314814814814815
0 0.6963541666666667 0.44675925925925924 0.05625 0.16018518518518518
0 0.7369791666666666 0.4412037037037037 0.0375 0.12129629629629629
0 0.7598958333333333 0.45 0.023958333333333335 0.08888888888888889
0 0.6197916666666666 0.5472222222222223 0.071875 0.06851851851851852
0 0.671875 0.5361111111111111 0.04791666666666667 0.07592592592592592
0 0.5505208333333333 0.5583333333333333 0.06770833333333333 0.05925925925925926
0 0.48515625 0.5597222222222222 0.06510416666666667 0.06388888888888888
0 0.4153645833333333 0.55 0.07447916666666667 0.07592592592592592
0 0.3580729166666667 0.5560185185185185 0.05364583333333333 0.06018518518518518
0 0.3111979166666667 0.5412037037037037 0.04010416666666667 0.06388888888888888