0 0.80078125 0.3875 0.11302083333333333 0.175
0 0.8268229166666666 0.16111111111111112 0.14739583333333334 0.2759259259259259
0 0.7619791666666667 0.575 0.09895833333333333 0.20925925925925926
0 0.7106770833333333 0.7361111111111112 0.10885416666666667 0.2074074074074074
0 0.6317708333333333 0.8101851851851852 0.09895833333333333 0.17037037037037037
0 0.5416666666666666 0.8523148148148149 0.10208333333333333 0.16018518518518518
0 0.45546875 0.8643518518518518 0.08489583333333334 0.16944444444444445
0 0.37161458333333336 0.8453703703703703 0.09010416666666667 0.15555555555555556
0 0.1703125 0.26481481481481484 0.15833333333333333 0.2833333333333333
0 0.203125 0.48055555555555557 0.09791666666666667 0.1814814814814815
0 0.24713541666666666 0.6569444444444444 0.09322916666666667 0.18425925925925926
0 0.29270833333333335 0.7949074074074074 0.10729166666666666 0.18796296296296297