0 0.4348958333333333 0.4875 0.11041666666666666 0.21944444444444444
0 0.5447916666666667 0.47962962962962963 0.1125 0.2222222222222222
0 0.6432291666666666 0.4685185185185185 0.08125 0.2037037037037037
0 0.71953125 0.43796296296296294 0.07760416666666667 0.18518518518518517
0 0.7815104166666667 0.4041666666666667 0.050520833333333334 0.15648148148148147
0 0.8229166666666666 0.37777777777777777 0.03333333333333333 0.09259259259259259
0 0.3359375 0.4722222222222222 0.08645833333333333 0.21296296296296297
0 0.2591145833333333 0.4398148148148148 0.07447916666666667 0.19814814814814816
0 0.196875 0.4027777777777778 0.05625 0.16666666666666666
0 0.15338541666666666 0.38101851851851853 0.03697916666666667 0.11018518518518519
0 0.390625 0.5912037037037037 0.07708333333333334 0.06759259259259259
0 0.46588541666666666 0.6060185185185185 0.07239583333333334 0.058333333333333334
0 0.5296875 0.6087962962962963 0.07083333333333333 0.05648148148148148
0 0.315625 0.5652777777777778 0.07708333333333334 0.10648148148148148
0 0.24713541666666666 0.5273148148148148 0.06822916666666666 0.11018518518518519
0 0.60390625 0.5856481481481481 0.07760416666666667 0.08981481481481482
0 0.67734375 0.5662037037037037 0.07239583333333334 0.11203703703703703
0 0.7395833333333334 0.5342592592592592 0.06041666666666667 0.11481481481481481