0 0.60078125 0.4337962962962963 0.13177083333333334 0.24166666666666667
0 0.47213541666666664 0.4222222222222222 0.13177083333333334 0.24814814814814815
0 0.36744791666666665 0.4217592592592593 0.09114583333333333 0.1824074074074074
0 0.4356770833333333 0.5833333333333334 0.08489583333333334 0.18888888888888888
0 0.5197916666666667 0.6125 0.07604166666666666 0.1527777777777778
0 0.6049479166666667 0.6203703703703703 0.0734375 0.14074074074074075
0 0.6872395833333333 0.5990740740740741 0.07864583333333333 0.1962962962962963
0 0.7596354166666667 0.6134259259259259 0.06927083333333334 0.19907407407407407
0 0.7205729166666667 0.42268518518518516 0.11197916666666667 0.20462962962962963
0 0.81640625 0.44814814814814813 0.09010416666666667 0.21296296296296297
0 0.28463541666666664 0.40925925925925927 0.08072916666666667 0.19444444444444445
0 0.3567708333333333 0.587037037037037 0.08125 0.19444444444444445
0 0.2890625 0.5527777777777778 0.07291666666666667 0.13333333333333333
0 0.8291666666666667 0.6032407407407407 0.07291666666666667 0.14166666666666666
0 0.8822916666666667 0.46111111111111114 0.0625 0.17222222222222222
0 0.23385416666666667 0.5120370370370371 0.05416666666666667 0.15925925925925927