0 0.6052083333333333 0.37453703703703706 0.17604166666666668 0.5212962962962963
0 0.4354166666666667 0.37824074074074077 0.17083333333333334 0.525
0 0.7403645833333333 0.3263888888888889 0.13385416666666666 0.44722222222222224
0 0.29270833333333335 0.3509259259259259 0.12708333333333333 0.46111111111111114
0 0.17734375 0.3300925925925926 0.10885416666666667 0.47314814814814815
0 0.8481770833333333 0.3050925925925926 0.0953125 0.475
0 0.8559895833333333 0.6796296296296296 0.10989583333333333 0.3648148148148148
0 0.8013020833333333 0.725 0.1046875 0.4203703703703704
0 0.6947916666666667 0.7574074074074074 0.12708333333333333 0.4222222222222222
0 0.5822916666666667 0.8009259259259259 0.1125 0.35
0 0.4640625 0.7939814814814815 0.11875 0.33611111111111114
0 0.3489583333333333 0.774537037037037 0.11979166666666667 0.39166666666666666
0 0.23515625 0.7458333333333333 0.12239583333333333 0.44722222222222224
0 0.12395833333333334 0.7083333333333334 0.1125 0.46111111111111114
0 0.09010416666666667 0.2773148148148148 0.09479166666666666 0.4398148148148148
0 0.92578125 0.2574074074074074 0.08072916666666667 0.412962962962963
0 0.9184895833333333 0.5782407407407407 0.08802083333333334 0.30833333333333335
0 0.058854166666666666 0.5666666666666667 0.10729166666666666 0.2962962962962963