0 0.43359375 0.39814814814814814 0.18177083333333333 0.4981481481481482
0 0.5908854166666667 0.3226851851851852 0.13385416666666666 0.32685185185185184
0 0.2677083333333333 0.3435185185185185 0.17604166666666668 0.5111111111111111
0 0.5770833333333333 0.6851851851851852 0.12604166666666666 0.387037037037037
0 0.46171875 0.7388888888888889 0.11510416666666666 0.29814814814814816
0 0.36276041666666664 0.7361111111111112 0.12447916666666667 0.3
0 0.18177083333333333 0.2722222222222222 0.075 0.42592592592592593
0 0.8453125 0.3921296296296296 0.109375 0.375
0 0.9049479166666666 0.6504629629629629 0.08802083333333334 0.2972222222222222
0 0.72265625 0.4027777777777778 0.14114583333333333 0.43703703703703706
0 0.9328125 0.37407407407407406 0.08645833333333333 0.2833333333333333