0 0.54375 0.3824074074074074 0.121875 0.1537037037037037
0 0.646875 0.3726851851851852 0.084375 0.12314814814814815
0 0.7203125 0.37175925925925923 0.065625 0.12314814814814815
0 0.7723958333333333 0.3685185185185185 0.04895833333333333 0.09444444444444444
0 0.4005208333333333 0.4 0.115625 0.14444444444444443
0 0.4622395833333333 0.5111111111111111 0.08072916666666667 0.09444444444444444
0 0.5356770833333333 0.49953703703703706 0.08072916666666667 0.09722222222222222
0 0.6161458333333333 0.4837962962962963 0.08229166666666667 0.0787037037037037
0 0.6880208333333333 0.4634259259259259 0.06979166666666667 0.06759259259259259
0 0.7411458333333333 0.4625 0.07395833333333333 0.06759259259259259
0 0.3111979166666667 0.42592592592592593 0.07135416666666666 0.10925925925925926
0 0.38984375 0.5120370370370371 0.08177083333333333 0.07037037037037037
0 0.31536458333333334 0.5013888888888889 0.06927083333333334 0.049074074074074076
0 0.2520833333333333 0.44027777777777777 0.07916666666666666 0.11944444444444445