0 0.42552083333333335 0.39351851851851855 0.15208333333333332 0.30185185185185187
0 0.5744791666666667 0.3712962962962963 0.14479166666666668 0.3592592592592593
0 0.684375 0.38564814814814813 0.10520833333333333 0.30277777777777776
0 0.7729166666666667 0.36666666666666664 0.096875 0.3333333333333333
0 0.8447916666666667 0.3560185185185185 0.05416666666666667 0.31203703703703706
0 0.88984375 0.3675925925925926 0.049479166666666664 0.26296296296296295
0 0.940625 0.362962962962963 0.05416666666666667 0.2351851851851852
0 0.3177083333333333 0.3763888888888889 0.125 0.30833333333333335
0 0.22239583333333332 0.3763888888888889 0.09895833333333333 0.33240740740740743
0 0.1546875 0.3638888888888889 0.058333333333333334 0.30925925925925923
0 0.10520833333333333 0.3912037037037037 0.06354166666666666 0.2175925925925926
0 0.04921875 0.324537037037037 0.050520833333333334 0.19722222222222222
0 0.08645833333333333 0.5421296296296296 0.071875 0.13796296296296295
0 0.12239583333333333 0.5912037037037037 0.06458333333333334 0.1787037037037037
0 0.16588541666666667 0.6060185185185185 0.05364583333333333 0.22870370370370371
0 0.22526041666666666 0.6361111111111111 0.0796875 0.24814814814814815
0 0.29375 0.6513888888888889 0.1 0.2916666666666667
0 0.38671875 0.6453703703703704 0.09427083333333333 0.2462962962962963
0 0.47421875 0.6962962962962963 0.08385416666666666 0.32407407407407407
0 0.55859375 0.6912037037037037 0.08697916666666666 0.2953703703703704
0 0.6473958333333333 0.6648148148148149 0.10104166666666667 0.29074074074074074
0 0.73203125 0.6430555555555556 0.0859375 0.28425925925925927
0 0.7966145833333333 0.6662037037037037 0.09427083333333333 0.31203703703703706
0 0.8669270833333333 0.5879629629629629 0.11510416666666666 0.2222222222222222