0 0.3223958333333333 0.4449074074074074 0.08125 0.17314814814814813
0 0.4161458333333333 0.43472222222222223 0.10416666666666667 0.18425925925925926
0 0.5294270833333333 0.42685185185185187 0.10572916666666667 0.19444444444444445
0 0.6192708333333333 0.41388888888888886 0.075 0.16296296296296298
0 0.6890625 0.40185185185185185 0.058333333333333334 0.13148148148148148
0 0.7505208333333333 0.37453703703703706 0.075 0.14907407407407408
0 0.25416666666666665 0.45231481481481484 0.058333333333333334 0.13425925925925927
0 0.3815104166666667 0.5657407407407408 0.0609375 0.1388888888888889
0 0.3184895833333333 0.5800925925925926 0.06614583333333333 0.1175925925925926
0 0.5127604166666667 0.5666666666666667 0.0578125 0.1
0 0.58359375 0.5337962962962963 0.0515625 0.12314814814814815
0 0.6471354166666666 0.5185185185185185 0.0734375 0.11296296296296296
0 0.7065104166666667 0.5060185185185185 0.06510416666666667 0.12314814814814815
0 0.25729166666666664 0.575 0.051041666666666666 0.13148148148148148
0 0.44921875 0.5467592592592593 0.06927083333333334 0.14537037037037037