0 0.5973958333333333 0.3638888888888889 0.14270833333333333 0.3814814814814815
0 0.47161458333333334 0.42962962962962964 0.12760416666666666 0.28703703703703703
0 0.3307291666666667 0.44814814814814813 0.16354166666666667 0.2740740740740741
0 0.175 0.46574074074074073 0.15208333333333332 0.23703703703703705
0 0.7309895833333333 0.3680555555555556 0.1234375 0.35648148148148145
0 0.8565104166666667 0.3699074074074074 0.1484375 0.4046296296296296
0 0.6270833333333333 0.6569444444444444 0.11354166666666667 0.32685185185185184
0 0.7263020833333333 0.6273148148148148 0.0859375 0.21203703703703702
0 0.7984375 0.6268518518518519 0.071875 0.2
0 0.86328125 0.6523148148148148 0.06614583333333333 0.17685185185185184
0 0.51328125 0.6708333333333333 0.11510416666666666 0.30462962962962964
0 0.4010416666666667 0.6893518518518519 0.10729166666666666 0.25092592592592594
0 0.27421875 0.6972222222222222 0.14427083333333332 0.19814814814814816
0 0.13098958333333333 0.6768518518518518 0.14114583333333333 0.19814814814814816
0 0.053385416666666664 0.4115740740740741 0.09635416666666667 0.2601851851851852