0 0.2794270833333333 0.4078703703703704 0.1546875 0.47129629629629627
0 0.41796875 0.42685185185185187 0.13489583333333333 0.3925925925925926
0 0.559375 0.4462962962962963 0.15 0.42962962962962964
0 0.6981770833333333 0.43842592592592594 0.12864583333333332 0.32685185185185184
0 0.8239583333333333 0.3699074074074074 0.13020833333333334 0.32685185185185184
0 0.15598958333333332 0.4203703703703704 0.10572916666666667 0.45925925925925926
0 0.35390625 0.7393518518518518 0.10885416666666667 0.2898148148148148
0 0.471875 0.7430555555555556 0.14270833333333333 0.27685185185185185
0 0.6184895833333334 0.7208333333333333 0.1484375 0.24537037037037038
0 0.7567708333333333 0.6425925925925926 0.14479166666666668 0.26296296296296295
0 0.26484375 0.7310185185185185 0.0734375 0.1935185185185185
0 0.9411458333333333 0.2949074074074074 0.115625 0.3768518518518518
0 0.91015625 0.5851851851851851 0.17760416666666667 0.26851851851851855
0 0.084375 0.38564814814814813 0.052083333333333336 0.3768518518518518
0 0.20260416666666667 0.7439814814814815 0.053125 0.1824074074074074