0 0.40703125 0.34953703703703703 0.2046875 0.46944444444444444
0 0.6552083333333333 0.36712962962962964 0.196875 0.3509259259259259
0 0.8208333333333333 0.3282407407407407 0.18020833333333333 0.3490740740740741
0 0.17369791666666667 0.6856481481481481 0.14739583333333334 0.3638888888888889
0 0.2752604166666667 0.6773148148148148 0.1453125 0.33796296296296297
0 0.27109375 0.34675925925925927 0.15989583333333332 0.35833333333333334
0 0.821875 0.55 0.12291666666666666 0.3296296296296296
0 0.7354166666666667 0.6240740740740741 0.140625 0.3333333333333333
0 0.5807291666666666 0.5847222222222223 0.14375 0.2953703703703704
0 0.39765625 0.7106481481481481 0.12135416666666667 0.27685185185185185
0 0.1546875 0.3421296296296296 0.1375 0.325
0 0.9291666666666667 0.33287037037037037 0.13958333333333334 0.43796296296296294
0 0.06640625 0.6347222222222222 0.10052083333333334 0.31203703703703706
0 0.040625 0.4203703703703704 0.08020833333333334 0.26851851851851855