0 0.4484375 0.37962962962962965 0.20416666666666666 0.43333333333333335
0 0.6458333333333334 0.37824074074074077 0.19583333333333333 0.43796296296296294
0 0.7890625 0.39444444444444443 0.10208333333333333 0.3277777777777778
0 0.278125 0.35555555555555557 0.15416666666666667 0.36666666666666664
0 0.16484375 0.37175925925925923 0.08802083333333334 0.31574074074074077
0 0.09895833333333333 0.37083333333333335 0.07083333333333333 0.2712962962962963
0 0.3515625 0.6657407407407407 0.128125 0.2962962962962963
0 0.4713541666666667 0.7064814814814815 0.11458333333333333 0.2388888888888889
0 0.58828125 0.687962962962963 0.1171875 0.2537037037037037
0 0.69921875 0.6796296296296296 0.11302083333333333 0.2796296296296296
0 0.8015625 0.6587962962962963 0.10520833333333333 0.3175925925925926
0 0.8856770833333333 0.37407407407407406 0.09635416666666667 0.35
0 0.24401041666666667 0.6439814814814815 0.11822916666666666 0.30092592592592593
0 0.15546875 0.5958333333333333 0.07239583333333334 0.23981481481481481