0 0.5544270833333333 0.39814814814814814 0.11197916666666667 0.1962962962962963
0 0.4432291666666667 0.40370370370370373 0.115625 0.19444444444444445
0 0.34817708333333336 0.41064814814814815 0.07760416666666667 0.16203703703703703
0 0.6479166666666667 0.3888888888888889 0.08020833333333334 0.1925925925925926
0 0.453125 0.5333333333333333 0.06145833333333333 0.06851851851851852
0 0.7119791666666667 0.37175925925925923 0.06041666666666667 0.17685185185185184
0 0.7559895833333333 0.3648148148148148 0.030729166666666665 0.11851851851851852
0 0.2421875 0.3972222222222222 0.04479166666666667 0.11666666666666667
0 0.2838541666666667 0.38796296296296295 0.06875 0.18888888888888888
0 0.6083333333333333 0.5162037037037037 0.04895833333333333 0.06759259259259259
0 0.6786458333333333 0.5009259259259259 0.06458333333333334 0.09074074074074075
0 0.3807291666666667 0.5194444444444445 0.04895833333333333 0.06666666666666667
0 0.32057291666666665 0.5166666666666667 0.06614583333333333 0.1037037037037037
0 0.52578125 0.5236111111111111 0.0578125 0.06574074074074074
0 0.73203125 0.4666666666666667 0.044270833333333336 0.06481481481481481