0 0.3734375 0.46944444444444444 0.09375 0.4148148148148148
0 0.48333333333333334 0.49907407407407406 0.128125 0.4685185185185185
0 0.6177083333333333 0.4912037037037037 0.134375 0.4824074074074074
0 0.7252604166666666 0.44027777777777777 0.0921875 0.44722222222222224
0 0.8130208333333333 0.3837962962962963 0.0875 0.4898148148148148
0 0.86953125 0.3625 0.0390625 0.38425925925925924
0 0.2799479166666667 0.3578703703703704 0.10572916666666667 0.5157407407407407
0 0.20598958333333334 0.33287037037037037 0.0609375 0.4287037037037037
0 0.15755208333333334 0.30092592592592593 0.0609375 0.4444444444444444
0 0.1140625 0.3055555555555556 0.053125 0.37777777777777777
0 0.07291666666666667 0.27361111111111114 0.057291666666666664 0.4083333333333333
0 0.19479166666666667 0.6666666666666666 0.053125 0.2777777777777778
0 0.3263020833333333 0.7680555555555556 0.10052083333333334 0.35833333333333334
0 0.41432291666666665 0.812037037037037 0.09010416666666667 0.2777777777777778
0 0.4973958333333333 0.8342592592592593 0.07604166666666666 0.20925925925925926
0 0.5692708333333333 0.8467592592592592 0.071875 0.23796296296296296
0 0.6484375 0.8277777777777777 0.0875 0.3148148148148148
0 0.7388020833333333 0.7837962962962963 0.0984375 0.3824074074074074
0 0.8122395833333333 0.7796296296296297 0.0734375 0.37037037037037035
0 0.8825520833333333 0.6615740740740741 0.07864583333333333 0.33796296296296297
0 0.24583333333333332 0.7037037037037037 0.06875 0.35185185185185186