0 0.42916666666666664 0.3314814814814815 0.14791666666666667 0.4203703703703704
0 0.5739583333333333 0.33796296296296297 0.14583333333333334 0.4185185185185185
0 0.6908854166666667 0.3199074074074074 0.09739583333333333 0.38055555555555554
0 0.3098958333333333 0.3194444444444444 0.10729166666666666 0.3425925925925926
0 0.21458333333333332 0.3148148148148148 0.09895833333333333 0.34814814814814815
0 0.7885416666666667 0.31805555555555554 0.10208333333333333 0.36944444444444446
0 0.8559895833333333 0.3125 0.05572916666666667 0.30833333333333335
0 0.8911458333333333 0.3143518518518518 0.04895833333333333 0.22870370370370371
0 0.9302083333333333 0.28055555555555556 0.052083333333333336 0.21296296296296297
0 0.14635416666666667 0.2726851851851852 0.04895833333333333 0.24166666666666667
0 0.11979166666666667 0.2671296296296296 0.09895833333333333 0.25277777777777777
0 0.10651041666666666 0.4152777777777778 0.05364583333333333 0.2064814814814815
0 0.18151041666666667 0.5337962962962963 0.059895833333333336 0.27685185185185185
0 0.1421875 0.4842592592592593 0.03854166666666667 0.21851851851851853
0 0.259375 0.5953703703703703 0.09583333333333334 0.3
0 0.35572916666666665 0.6458333333333334 0.1 0.31203703703703706
0 0.45729166666666665 0.6796296296296296 0.103125 0.3037037037037037
0 0.5619791666666667 0.6893518518518519 0.109375 0.30462962962962964
0 0.6619791666666667 0.6532407407407408 0.09375 0.30648148148148147
0 0.7450520833333333 0.6180555555555556 0.09114583333333333 0.33796296296296297
0 0.8190104166666666 0.5893518518518519 0.058854166666666666 0.2601851851851852
0 0.8606770833333334 0.5120370370370371 0.034895833333333334 0.1814814814814815
0 0.9026041666666667 0.4703703703703704 0.07291666666666667 0.1814814814814815