0 0.43072916666666666 0.2037037037037037 0.16770833333333332 0.37222222222222223
0 0.59140625 0.20277777777777778 0.16302083333333334 0.3388888888888889
0 0.725 0.1625 0.10625 0.28425925925925927
0 0.828125 0.18194444444444444 0.10416666666666667 0.30092592592592593
0 0.89609375 0.22083333333333333 0.07552083333333333 0.25833333333333336
0 0.9416666666666667 0.22824074074074074 0.06979166666666667 0.25092592592592594
0 0.284375 0.1986111111111111 0.14479166666666668 0.2564814814814815
0 0.15520833333333334 0.16666666666666666 0.115625 0.20185185185185187
0 0.06197916666666667 0.1537037037037037 0.078125 0.2759259259259259
0 0.28020833333333334 0.6791666666666667 0.11979166666666667 0.36574074074074076
0 0.41354166666666664 0.6726851851851852 0.10416666666666667 0.38425925925925924
0 0.5135416666666667 0.6736111111111112 0.10208333333333333 0.4101851851851852
0 0.6135416666666667 0.625462962962963 0.11458333333333333 0.36203703703703705
0 0.7231770833333333 0.6694444444444444 0.13697916666666668 0.3425925925925926
0 0.8088541666666667 0.6351851851851852 0.096875 0.3
0 0.8604166666666667 0.600925925925926 0.09166666666666666 0.21666666666666667
0 0.9028645833333333 0.5592592592592592 0.12135416666666667 0.2351851851851852
0 0.17916666666666667 0.637962962962963 0.11770833333333333 0.35185185185185186
0 0.08671875 0.5967592592592592 0.1015625 0.28425925925925927
0 0.043229166666666666 0.5731481481481482 0.08541666666666667 0.2777777777777778
0 0.9598958333333333 0.462037037037037 0.078125 0.21666666666666667