0 0.3875 0.48055555555555557 0.09166666666666666 0.3037037037037037
0 0.48776041666666664 0.4263888888888889 0.08385416666666666 0.25833333333333336
0 0.6057291666666667 0.43796296296296294 0.11770833333333333 0.37222222222222223
0 0.6984375 0.42453703703703705 0.075 0.3435185185185185
0 0.7627604166666667 0.4356481481481482 0.06302083333333333 0.3527777777777778
0 0.303125 0.4703703703703704 0.08125 0.3388888888888889
0 0.24270833333333333 0.49027777777777776 0.05625 0.2972222222222222
0 0.19661458333333334 0.49722222222222223 0.05572916666666667 0.2740740740740741
0 0.15078125 0.4962962962962963 0.0546875 0.2388888888888889
0 0.43463541666666666 0.7472222222222222 0.08697916666666666 0.30925925925925923
0 0.5145833333333333 0.7388888888888889 0.084375 0.2833333333333333
0 0.28125 0.711574074074074 0.06041666666666667 0.2657407407407407
0 0.2328125 0.7101851851851851 0.05 0.1962962962962963
0 0.5877604166666667 0.7527777777777778 0.07552083333333333 0.26296296296296295
0 0.66484375 0.7296296296296296 0.0828125 0.29259259259259257
0 0.73046875 0.7328703703703704 0.0640625 0.2916666666666667
0 0.8098958333333334 0.45416666666666666 0.04479166666666667 0.30648148148148147
0 0.8432291666666667 0.475 0.03333333333333333 0.24074074074074073
0 0.8783854166666667 0.44814814814814813 0.04635416666666667 0.23148148148148148
0 0.7854166666666667 0.6981481481481482 0.05625 0.23148148148148148
0 0.8221354166666667 0.6986111111111111 0.043229166666666666 0.22870370370370371
0 0.8625 0.6611111111111111 0.046875 0.22777777777777777
0 0.3536458333333333 0.7421296296296296 0.08333333333333333 0.32314814814814813