0 0.4434895833333333 0.38796296296296295 0.15677083333333333 0.3425925925925926
0 0.6036458333333333 0.37222222222222223 0.15625 0.36666666666666664
0 0.734375 0.38055555555555554 0.109375 0.31296296296296294
0 0.31744791666666666 0.3731481481481482 0.10885416666666667 0.2796296296296296
0 0.22838541666666667 0.3731481481481482 0.0703125 0.2777777777777778
0 0.35963541666666665 0.5949074074074074 0.10364583333333334 0.23796296296296296
0 0.2755208333333333 0.5990740740740741 0.07708333333333334 0.24074074074074073
0 0.5484375 0.5898148148148148 0.09583333333333334 0.21481481481481482
0 0.8255208333333334 0.36898148148148147 0.07604166666666666 0.3138888888888889
0 0.6528645833333333 0.6101851851851852 0.1015625 0.2
0 0.7416666666666667 0.6365740740740741 0.08541666666666667 0.262037037037037
0 0.21067708333333332 0.575 0.06302083333333333 0.16666666666666666