0 0.6838541666666667 0.38287037037037036 0.19375 0.21203703703703702
0 0.5380208333333333 0.37916666666666665 0.10833333333333334 0.11574074074074074
0 0.3880208333333333 0.42453703703703705 0.13020833333333334 0.1361111111111111
0 0.228125 0.41712962962962963 0.153125 0.13796296296296295
0 0.4453125 0.5574074074074075 0.13854166666666667 0.18888888888888888
0 0.6869791666666667 0.5833333333333334 0.1125 0.19444444444444445
0 0.5796875 0.5615740740740741 0.12708333333333333 0.19722222222222222
0 0.7763020833333333 0.5638888888888889 0.08697916666666666 0.17962962962962964
0 0.8276041666666667 0.3861111111111111 0.115625 0.21296296296296297
0 0.30052083333333335 0.5462962962962963 0.15416666666666667 0.16111111111111112
0 0.15260416666666668 0.5291666666666667 0.15104166666666666 0.12685185185185185
0 0.10598958333333333 0.4046296296296296 0.09427083333333333 0.12407407407407407
0 0.8450520833333334 0.562037037037037 0.07447916666666667 0.1537037037037037
0 0.8880208333333334 0.5398148148148149 0.04375 0.15185185185185185