0 0.4895833333333333 0.4041666666666667 0.16354166666666667 0.30277777777777776
0 0.6411458333333333 0.41574074074074074 0.10625 0.2759259259259259
0 0.7494791666666667 0.43796296296296294 0.11354166666666667 0.29259259259259257
0 0.3341145833333333 0.40370370370370373 0.14739583333333334 0.3074074074074074
0 0.22916666666666666 0.47314814814814815 0.09375 0.2
0 0.12708333333333333 0.4976851851851852 0.11458333333333333 0.3435185185185185
0 0.2721354166666667 0.6773148148148148 0.11510416666666666 0.27870370370370373
0 0.36302083333333335 0.663425925925926 0.10729166666666666 0.2675925925925926
0 0.46171875 0.6625 0.09947916666666666 0.23055555555555557
0 0.5645833333333333 0.6370370370370371 0.10416666666666667 0.24814814814814815
0 0.66640625 0.6578703703703703 0.10052083333333334 0.2564814814814815
0 0.7510416666666667 0.6638888888888889 0.08958333333333333 0.2111111111111111
0 0.83046875 0.6856481481481481 0.0984375 0.20833333333333334