0 0.11536458333333334 0.44583333333333336 0.15989583333333332 0.4083333333333333
0 0.2786458333333333 0.45694444444444443 0.175 0.41203703703703703
0 0.4309895833333333 0.4648148148148148 0.14322916666666666 0.37407407407407406
0 0.57890625 0.44305555555555554 0.15364583333333334 0.41759259259259257
0 0.7059895833333333 0.39861111111111114 0.10677083333333333 0.36018518518518516
0 0.8046875 0.3402777777777778 0.11666666666666667 0.4027777777777778
0 0.13385416666666666 0.7175925925925926 0.08020833333333334 0.14444444444444443
0 0.22213541666666667 0.7226851851851852 0.09947916666666666 0.175
0 0.32473958333333336 0.7236111111111111 0.09010416666666667 0.17685185185185184
0 0.41848958333333336 0.7097222222222223 0.1140625 0.1527777777777778
0 0.5401041666666667 0.6791666666666667 0.12395833333333334 0.21944444444444444
0 0.6645833333333333 0.6625 0.13125 0.2657407407407407
0 0.7872395833333333 0.6597222222222222 0.12447916666666667 0.3101851851851852