0 0.43828125 0.6587962962962963 0.06822916666666666 0.18425925925925926
0 0.51640625 0.6615740740740741 0.06927083333333334 0.1712962962962963
0 0.58984375 0.6458333333333334 0.07239583333333334 0.18611111111111112
0 0.653125 0.6337962962962963 0.06875 0.18425925925925926
0 0.72109375 0.6069444444444444 0.08385416666666666 0.17685185185185184
0 0.36692708333333335 0.6412037037037037 0.0671875 0.18055555555555555
0 0.30182291666666666 0.6310185185185185 0.07447916666666667 0.19537037037037036
0 0.24765625 0.5856481481481481 0.0703125 0.14722222222222223
0 0.6416666666666667 0.4398148148148148 0.06875 0.16111111111111112
0 0.7075520833333333 0.4361111111111111 0.07447916666666667 0.13333333333333333
0 0.7825520833333334 0.36064814814814816 0.08385416666666666 0.22870370370370371
0 0.34817708333333336 0.4217592592592593 0.0703125 0.16018518518518518
0 0.23463541666666668 0.37407407407407406 0.0828125 0.15555555555555556
0 0.18932291666666667 0.48333333333333334 0.09635416666666667 0.13518518518518519
0 0.8041666666666667 0.5175925925925926 0.08958333333333333 0.16666666666666666
0 0.2950520833333333 0.4273148148148148 0.05572916666666667 0.15462962962962962
0 0.5505208333333333 0.4351851851851852 0.109375 0.20555555555555555
0 0.44166666666666665 0.42824074074074076 0.11666666666666667 0.2212962962962963