0 0.47161458333333334 0.5050925925925925 0.09427083333333333 0.225
0 0.5684895833333333 0.49444444444444446 0.09635416666666667 0.23703703703703705
0 0.6544270833333333 0.4912037037037037 0.07552083333333333 0.20833333333333334
0 0.7223958333333333 0.4837962962962963 0.06041666666666667 0.1675925925925926
0 0.771875 0.46805555555555556 0.040625 0.14351851851851852
0 0.8171875 0.4351851851851852 0.04791666666666667 0.13703703703703704
0 0.39401041666666664 0.4930555555555556 0.06197916666666667 0.2101851851851852
0 0.33697916666666666 0.4925925925925926 0.058333333333333334 0.17592592592592593
0 0.29140625 0.5018518518518519 0.0515625 0.13333333333333333
0 0.31223958333333335 0.6074074074074074 0.043229166666666666 0.11851851851851852
0 0.35572916666666665 0.6412037037037037 0.042708333333333334 0.12129629629629629
0 0.4122395833333333 0.6606481481481481 0.0578125 0.14351851851851852
0 0.4703125 0.6736111111111112 0.0625 0.125
0 0.5765625 0.6671296296296296 0.06458333333333334 0.13240740740740742
0 0.63828125 0.6412037037037037 0.058854166666666666 0.14722222222222223
0 0.6973958333333333 0.6240740740740741 0.06145833333333333 0.15185185185185185
0 0.7520833333333333 0.5912037037037037 0.046875 0.10092592592592593
0 0.5203125 0.662962962962963 0.052083333333333336 0.10740740740740741