0 0.41510416666666666 0.4740740740740741 0.11979166666666667 0.16111111111111112
0 0.5372395833333333 0.4648148148148148 0.1203125 0.1648148148148148
0 0.6385416666666667 0.45416666666666666 0.08645833333333333 0.1398148148148148
0 0.7065104166666667 0.4546296296296296 0.06822916666666666 0.1425925925925926
0 0.31015625 0.487962962962963 0.0953125 0.12407407407407407
0 0.4322916666666667 0.5810185185185185 0.06979166666666667 0.06018518518518518
0 0.5828125 0.5680555555555555 0.08125 0.058333333333333334
0 0.5052083333333334 0.575462962962963 0.07708333333333334 0.06759259259259259
0 0.6541666666666667 0.549074074074074 0.07083333333333333 0.05925925925925926
0 0.35911458333333335 0.575462962962963 0.0796875 0.05648148148148148
0 0.7643229166666666 0.4532407407407407 0.049479166666666664 0.12129629629629629
0 0.23645833333333333 0.4875 0.0625 0.1287037037037037