0 0.40390625 0.4115740740740741 0.22760416666666666 0.36574074074074076
0 0.74296875 0.43148148148148147 0.17552083333333332 0.28703703703703703
0 0.07890625 0.38796296296296295 0.10364583333333334 0.2962962962962963
0 0.89453125 0.43148148148148147 0.1421875 0.30185185185185187
0 0.7830729166666667 0.7606481481481482 0.1328125 0.30092592592592593
0 0.66796875 0.7532407407407408 0.15052083333333333 0.26944444444444443
0 0.5361979166666667 0.7699074074074074 0.12760416666666666 0.28425925925925927
0 0.40911458333333334 0.7726851851851851 0.12760416666666666 0.262037037037037
0 0.3098958333333333 0.7305555555555555 0.13333333333333333 0.27037037037037037
0 0.18229166666666666 0.750462962962963 0.13958333333333334 0.2916666666666667
0 0.9125 0.7458333333333333 0.16354166666666667 0.28055555555555556