0 0.5841145833333333 0.41064814814814815 0.13072916666666667 0.41388888888888886
0 0.43255208333333334 0.3875 0.13177083333333334 0.3972222222222222
0 0.7716145833333333 0.37453703703703706 0.10572916666666667 0.4842592592592593
0 0.7213541666666666 0.6592592592592592 0.09166666666666666 0.2833333333333333
0 0.69140625 0.40555555555555556 0.09114583333333333 0.34074074074074073
0 0.6361979166666667 0.6703703703703704 0.1015625 0.21296296296296297
0 0.5565104166666667 0.6731481481481482 0.06614583333333333 0.17037037037037037
0 0.48359375 0.5625 0.0765625 0.4305555555555556
0 0.33098958333333334 0.4050925925925926 0.1046875 0.3990740740740741
0 0.39427083333333335 0.6791666666666667 0.08125 0.19907407407407407
0 0.30390625 0.5837962962962963 0.10364583333333334 0.41203703703703703
0 0.22473958333333333 0.5083333333333333 0.09114583333333333 0.3962962962962963
0 0.8544270833333333 0.5675925925925925 0.08072916666666667 0.4222222222222222
0 0.175 0.487962962962963 0.08645833333333333 0.40185185185185185