0 0.49583333333333335 0.24768518518518517 0.15104166666666666 0.2675925925925926
0 0.66015625 0.7912037037037037 0.09635416666666667 0.21388888888888888
0 0.5591145833333333 0.8111111111111111 0.08697916666666666 0.23148148148148148
0 0.47265625 0.8064814814814815 0.09010416666666667 0.2222222222222222
0 0.38828125 0.7828703703703703 0.09114583333333333 0.22685185185185186
0 0.6453125 0.26851851851851855 0.146875 0.29444444444444445
0 0.30859375 0.7708333333333334 0.08385416666666666 0.2935185185185185
0 0.25729166666666664 0.7064814814814815 0.08020833333333334 0.1962962962962963
0 0.34427083333333336 0.25046296296296294 0.10520833333333333 0.23055555555555557
0 0.75859375 0.27824074074074073 0.0921875 0.22314814814814815
0 0.26927083333333335 0.25555555555555554 0.075 0.24074074074074073
0 0.24088541666666666 0.6439814814814815 0.11197916666666667 0.175
0 0.7307291666666667 0.7921296296296296 0.084375 0.2324074074074074
0 0.81875 0.28935185185185186 0.058333333333333334 0.23425925925925925
0 0.21770833333333334 0.5712962962962963 0.13958333333333334 0.1537037037037037
0 0.7609375 0.7296296296296296 0.09791666666666667 0.18333333333333332
0 0.7651041666666667 0.6333333333333333 0.09895833333333333 0.1111111111111111
0 0.8013020833333333 0.6277777777777778 0.08802083333333334 0.13703703703703704
0 0.21692708333333333 0.2662037037037037 0.050520833333333334 0.18981481481481483