0 0.5736979166666667 0.38564814814814813 0.12135416666666667 0.225
0 0.6799479166666667 0.3875 0.0890625 0.18425925925925926
0 0.7747395833333334 0.36018518518518516 0.09947916666666666 0.17962962962962964
0 0.44635416666666666 0.39675925925925926 0.12083333333333333 0.20833333333333334
0 0.29010416666666666 0.36574074074074076 0.06458333333333334 0.18703703703703703
0 0.23385416666666667 0.34675925925925927 0.05 0.1712962962962963
0 0.48776041666666664 0.5370370370370371 0.06510416666666667 0.18518518518518517
0 0.5622395833333333 0.5504629629629629 0.07447916666666667 0.1361111111111111
0 0.6309895833333333 0.5111111111111111 0.06822916666666666 0.14444444444444443
0 0.7036458333333333 0.5 0.078125 0.19814814814814816
0 0.7739583333333333 0.5 0.06666666666666667 0.14814814814814814
0 0.3424479166666667 0.5125 0.07447916666666667 0.23055555555555557
0 0.4158854166666667 0.5231481481481481 0.0765625 0.1388888888888889
0 0.275 0.49907407407407406 0.065625 0.13518518518518519
0 0.3572916666666667 0.38287037037037036 0.06875 0.16018518518518518