0 0.5786458333333333 0.6398148148148148 0.24166666666666667 0.5611111111111111
0 0.7908854166666667 0.5967592592592592 0.21927083333333333 0.5398148148148149
0 0.915625 0.5055555555555555 0.12083333333333333 0.4185185185185185
0 0.22265625 0.712037037037037 0.14947916666666666 0.35555555555555557
0 0.6223958333333334 0.9356481481481481 0.146875 0.125
0 0.7494791666666667 0.9273148148148148 0.11979166666666667 0.14166666666666666
0 0.8734375 0.8837962962962963 0.12708333333333333 0.22870370370370371
0 0.328125 0.9662037037037037 0.09270833333333334 0.06388888888888888
0 0.4796875 0.9828703703703704 0.140625 0.030555555555555555
0 0.20963541666666666 0.9518518518518518 0.10989583333333333 0.09259259259259259
0 0.11796875 0.8157407407407408 0.0828125 0.1537037037037037
0 0.37786458333333334 0.6717592592592593 0.1703125 0.39537037037037037