0 0.69921875 0.5847222222222223 0.17239583333333333 0.4787037037037037
0 0.3067708333333333 0.5537037037037037 0.10520833333333333 0.4685185185185185
0 0.42473958333333334 0.5055555555555555 0.14114583333333333 0.5722222222222222
0 0.54921875 0.5504629629629629 0.14322916666666666 0.487962962962963
0 0.86328125 0.5773148148148148 0.1765625 0.4898148148148148
0 0.959375 0.5578703703703703 0.07916666666666666 0.5083333333333333
0 0.9763020833333333 0.8939814814814815 0.0453125 0.18055555555555555
0 0.9067708333333333 0.9023148148148148 0.096875 0.19166666666666668
0 0.8091145833333333 0.8958333333333334 0.09947916666666666 0.20462962962962963
0 0.7109375 0.9087962962962963 0.09791666666666667 0.1787037037037037
0 0.6002604166666666 0.8824074074074074 0.1140625 0.23148148148148148
0 0.4744791666666667 0.8518518518518519 0.12604166666666666 0.29259259259259257
0 0.35703125 0.8638888888888889 0.1046875 0.26851851851851855
0 0.23854166666666668 0.8958333333333334 0.14791666666666667 0.20462962962962963
0 0.22473958333333333 0.5888888888888889 0.09427083333333333 0.45
0 0.1453125 0.6138888888888889 0.103125 0.43333333333333335
0 0.12421875 0.9148148148148149 0.12864583333333332 0.16666666666666666
0 0.07552083333333333 0.6648148148148149 0.08541666666666667 0.4148148148148148