0 0.5309895833333333 0.4777777777777778 0.15885416666666666 0.4148148148148148
0 0.6716145833333333 0.44722222222222224 0.1328125 0.4185185185185185
0 0.7963541666666667 0.4486111111111111 0.15208333333333332 0.4583333333333333
0 0.9057291666666667 0.43796296296296294 0.09375 0.42962962962962964
0 0.3763020833333333 0.500462962962963 0.12760416666666666 0.3490740740740741
0 0.24973958333333332 0.4722222222222222 0.1265625 0.3611111111111111
0 0.10260416666666666 0.4675925925925926 0.15833333333333333 0.29074074074074074
0 0.35078125 0.7902777777777777 0.14114583333333333 0.32685185185185184
0 0.49114583333333334 0.7773148148148148 0.13854166666666667 0.36944444444444446
0 0.6229166666666667 0.7384259259259259 0.096875 0.24166666666666667
0 0.728125 0.7425925925925926 0.084375 0.2388888888888889
0 0.8075520833333333 0.7546296296296297 0.06302083333333333 0.16111111111111112
0 0.21875 0.7398148148148148 0.159375 0.3148148148148148
0 0.07916666666666666 0.7226851851851852 0.121875 0.24722222222222223