0 0.44817708333333334 0.30694444444444446 0.1765625 0.3638888888888889
0 0.6161458333333333 0.2972222222222222 0.17083333333333334 0.37037037037037035
0 0.7372395833333333 0.3148148148148148 0.11510416666666666 0.31296296296296294
0 0.82578125 0.2972222222222222 0.09427083333333333 0.3814814814814815
0 0.88828125 0.30324074074074076 0.058854166666666666 0.35833333333333334
0 0.30833333333333335 0.324537037037037 0.11875 0.3212962962962963
0 0.21770833333333334 0.32083333333333336 0.0875 0.3527777777777778
0 0.159375 0.31342592592592594 0.051041666666666666 0.33055555555555555
0 0.19557291666666668 0.6185185185185185 0.07135416666666666 0.29444444444444445
0 0.28072916666666664 0.6416666666666667 0.11041666666666666 0.3351851851851852
0 0.36875 0.5981481481481481 0.11041666666666666 0.2518518518518518
0 0.4747395833333333 0.6046296296296296 0.1015625 0.25555555555555554
0 0.5755208333333334 0.5981481481481481 0.10416666666666667 0.2722222222222222
0 0.6776041666666667 0.5875 0.11041666666666666 0.25092592592592594
0 0.7671875 0.6018518518518519 0.1125 0.28703703703703703
0 0.8559895833333333 0.6125 0.09739583333333333 0.30462962962962964