0 0.5322916666666667 0.47685185185185186 0.08541666666666667 0.15555555555555556
0 0.61796875 0.48333333333333334 0.0953125 0.14074074074074075
0 0.6872395833333333 0.48657407407407405 0.049479166666666664 0.1287037037037037
0 0.7364583333333333 0.49722222222222223 0.04791666666666667 0.1259259259259259
0 0.40338541666666666 0.4837962962962963 0.04739583333333333 0.13055555555555556
0 0.36328125 0.4847222222222222 0.033854166666666664 0.10648148148148148
0 0.43697916666666664 0.6074074074074074 0.053125 0.10740740740740741
0 0.484375 0.6097222222222223 0.05520833333333333 0.12129629629629629
0 0.5380208333333333 0.6162037037037037 0.059375 0.13055555555555556
0 0.5940104166666667 0.6092592592592593 0.05364583333333333 0.13148148148148148
0 0.6411458333333333 0.6087962962962963 0.052083333333333336 0.10833333333333334