0 0.5877604166666667 0.4634259259259259 0.11614583333333334 0.2490740740740741
0 0.7580729166666667 0.44722222222222224 0.0703125 0.19814814814814816
0 0.4700520833333333 0.47129629629629627 0.11614583333333334 0.23703703703703705
0 0.6828125 0.46064814814814814 0.0875 0.19907407407407407
0 0.37213541666666666 0.4615740740740741 0.08177083333333333 0.20833333333333334
0 0.3104166666666667 0.46111111111111114 0.06145833333333333 0.18703703703703703
0 0.26145833333333335 0.4546296296296296 0.0375 0.14444444444444443
0 0.23307291666666666 0.43425925925925923 0.021354166666666667 0.10555555555555556
0 0.81953125 0.4513888888888889 0.05260416666666667 0.1361111111111111
0 0.7755208333333333 0.5888888888888889 0.06875 0.1648148148148148
0 0.63828125 0.6106481481481482 0.07239583333333334 0.13425925925925927
0 0.7111979166666667 0.5856481481481481 0.06614583333333333 0.15648148148148147
0 0.41796875 0.6041666666666666 0.0640625 0.12314814814814815
0 0.49453125 0.625462962962963 0.06614583333333333 0.10833333333333334
0 0.5622395833333333 0.6222222222222222 0.06822916666666666 0.08888888888888889
0 0.35520833333333335 0.5828703703703704 0.07083333333333333 0.09722222222222222
0 0.8627604166666667 0.42824074074074076 0.03697916666666667 0.11203703703703703
0 0.29348958333333336 0.5791666666666667 0.0484375 0.12685185185185185