0 0.5247395833333334 0.4337962962962963 0.09322916666666667 0.17314814814814813
0 0.6197916666666666 0.44722222222222224 0.09583333333333334 0.19074074074074074
0 0.7421875 0.4425925925925926 0.090625 0.2037037037037037
0 0.8028645833333333 0.46435185185185185 0.04010416666666667 0.1527777777777778
0 0.8359375 0.46064814814814814 0.03125 0.125
0 0.8770833333333333 0.43333333333333335 0.05625 0.1259259259259259
0 0.44244791666666666 0.4300925925925926 0.06822916666666666 0.15648148148148147
0 0.3684895833333333 0.44074074074074077 0.07760416666666667 0.2037037037037037
0 0.41640625 0.5828703703703704 0.07447916666666667 0.20833333333333334
0 0.5135416666666667 0.5861111111111111 0.06666666666666667 0.18518518518518517
0 0.5755208333333334 0.5828703703703704 0.06354166666666666 0.17314814814814813
0 0.6927083333333334 0.5777777777777777 0.08125 0.21296296296296297
0 0.325 0.46574074074074073 0.0375 0.13148148148148148
0 0.7486979166666666 0.5662037037037037 0.07239583333333334 0.1361111111111111
0 0.80546875 0.5796296296296296 0.0484375 0.07592592592592592
0 0.30416666666666664 0.46064814814814814 0.030208333333333334 0.11203703703703703
0 0.27682291666666664 0.43796296296296294 0.04010416666666667 0.10925925925925926
0 0.36354166666666665 0.5611111111111111 0.041666666666666664 0.1
0 0.63046875 0.5731481481481482 0.05364583333333333 0.08888888888888889