0 0.39609375 0.44907407407407407 0.09739583333333333 0.19814814814814816
0 0.584375 0.4097222222222222 0.10104166666666667 0.18981481481481483
0 0.6682291666666667 0.41064814814814815 0.071875 0.20462962962962963
0 0.7375 0.3875 0.07395833333333333 0.1787037037037037
0 0.79140625 0.3763888888888889 0.04114583333333333 0.14351851851851852
0 0.8341145833333333 0.3333333333333333 0.049479166666666664 0.13703703703703704
0 0.31979166666666664 0.4583333333333333 0.057291666666666664 0.18888888888888888
0 0.27109375 0.4740740740740741 0.07552083333333333 0.2
0 0.221875 0.4773148148148148 0.04791666666666667 0.1638888888888889
0 0.3828125 0.6282407407407408 0.06875 0.18796296296296297
0 0.4453125 0.6129629629629629 0.06458333333333334 0.18333333333333332
0 0.51015625 0.6060185185185185 0.06614583333333333 0.19166666666666668
0 0.5734375 0.5962962962962963 0.06979166666666667 0.1925925925925926
0 0.6434895833333333 0.5884259259259259 0.0703125 0.15833333333333333
0 0.7088541666666667 0.5555555555555556 0.06979166666666667 0.1814814814814815
0 0.3221354166666667 0.6407407407407407 0.0546875 0.15925925925925927
0 0.26901041666666664 0.6319444444444444 0.05260416666666667 0.1361111111111111
0 0.23333333333333334 0.6060185185185185 0.03333333333333333 0.11944444444444445
0 0.76328125 0.5157407407407407 0.0578125 0.13148148148148148
0 0.8268229166666666 0.4532407407407407 0.059895833333333336 0.11018518518518519