0 0.41796875 0.4699074074074074 0.1234375 0.21944444444444444
0 0.5528645833333333 0.46805555555555556 0.12447916666666667 0.2212962962962963
0 0.6666666666666666 0.46944444444444444 0.09583333333333334 0.1962962962962963
0 0.30442708333333335 0.47129629629629627 0.0953125 0.18518518518518517
0 0.21979166666666666 0.47453703703703703 0.07916666666666666 0.19907407407407407
0 0.14583333333333334 0.4703703703703704 0.06979166666666667 0.1685185185185185
0 0.20494791666666667 0.6527777777777778 0.10364583333333334 0.16296296296296298
0 0.29140625 0.6777777777777778 0.0703125 0.17777777777777778
0 0.36875 0.6787037037037037 0.09270833333333334 0.1814814814814815
0 0.46145833333333336 0.6833333333333333 0.08854166666666667 0.2037037037037037
0 0.5453125 0.6851851851851852 0.08645833333333333 0.21296296296296297
0 0.6375 0.6754629629629629 0.090625 0.18981481481481483
0 0.7151041666666667 0.6768518518518518 0.06979166666666667 0.19074074074074074
0 0.7729166666666667 0.6467592592592593 0.051041666666666666 0.15462962962962962
0 0.81484375 0.6268518518518519 0.06197916666666667 0.15925925925925927