0 0.5815104166666667 0.37222222222222223 0.15989583333333332 0.362962962962963
0 0.69609375 0.3814814814814815 0.10260416666666666 0.2759259259259259
0 0.4390625 0.4212962962962963 0.13854166666666667 0.2851851851851852
0 0.321875 0.36203703703703705 0.11875 0.29074074074074074
0 0.2565104166666667 0.40370370370370373 0.11927083333333334 0.3
0 0.19244791666666666 0.4134259259259259 0.08385416666666666 0.24537037037037038
0 0.15703125 0.425462962962963 0.0640625 0.19537037037037036
0 0.7096354166666666 0.6449074074074074 0.1203125 0.30277777777777776
0 0.834375 0.611574074074074 0.11354166666666667 0.3175925925925926
0 0.7833333333333333 0.37777777777777777 0.09375 0.3055555555555556
0 0.51171875 0.7199074074074074 0.09322916666666667 0.35648148148148145
0 0.60546875 0.6199074074074075 0.10364583333333334 0.21388888888888888
0 0.40572916666666664 0.5981481481481481 0.10208333333333333 0.21296296296296297
0 0.31796875 0.6606481481481481 0.1328125 0.3194444444444444
0 0.25625 0.6060185185185185 0.09583333333333334 0.18055555555555555
0 0.9 0.3143518518518518 0.07708333333333334 0.21944444444444444
0 0.8419270833333333 0.34675925925925927 0.0453125 0.22314814814814815
0 0.12864583333333332 0.5731481481481482 0.09166666666666666 0.16296296296296298