0 0.46067708333333335 0.45092592592592595 0.15052083333333333 0.2611111111111111
0 0.5953125 0.48703703703703705 0.12291666666666666 0.17407407407407408
0 0.7200520833333334 0.4236111111111111 0.16614583333333333 0.2861111111111111
0 0.8669270833333333 0.41435185185185186 0.14635416666666667 0.2935185185185185
0 0.9372395833333333 0.39490740740740743 0.0765625 0.21574074074074073
0 0.3184895833333333 0.48703703703703705 0.13385416666666666 0.21851851851851853
0 0.17526041666666667 0.4550925925925926 0.1453125 0.19166666666666668
0 0.521875 0.6782407407407407 0.140625 0.30092592592592593
0 0.6466145833333333 0.6430555555555556 0.11197916666666667 0.20092592592592592
0 0.74296875 0.6592592592592592 0.0890625 0.22592592592592592
0 0.25755208333333335 0.6268518518518519 0.14010416666666667 0.2074074074074074
0 0.38671875 0.6449074074074074 0.13489583333333333 0.22870370370370371
0 0.8325520833333333 0.6152777777777778 0.10364583333333334 0.15648148148148147