0 0.4796875 0.42407407407407405 0.17604166666666668 0.37592592592592594
0 0.6356770833333333 0.38935185185185184 0.13697916666666668 0.3509259259259259
0 0.76015625 0.3509259259259259 0.11510416666666666 0.3648148148148148
0 0.21875 0.37592592592592594 0.09791666666666667 0.31666666666666665
0 0.8479166666666667 0.34074074074074073 0.08854166666666667 0.2851851851851852
0 0.14427083333333332 0.32083333333333336 0.06979166666666667 0.33611111111111114
0 0.10703125 0.28055555555555556 0.033854166666666664 0.26851851851851855
0 0.4830729166666667 0.8013888888888889 0.1640625 0.33796296296296297
0 0.6388020833333333 0.7921296296296296 0.14739583333333334 0.31574074074074077
0 0.7598958333333333 0.7351851851851852 0.125 0.3148148148148148
0 0.84453125 0.6532407407407408 0.0890625 0.2638888888888889
0 0.3296875 0.7611111111111111 0.15208333333333332 0.3296296296296296
0 0.22109375 0.7037037037037037 0.10052083333333334 0.3
0 0.32708333333333334 0.42685185185185187 0.15520833333333334 0.3537037037037037
0 0.9213541666666667 0.3435185185185185 0.07395833333333333 0.2111111111111111
0 0.15598958333333332 0.6486111111111111 0.0640625 0.28055555555555556