0 0.603125 0.5050925925925925 0.09791666666666667 0.1712962962962963
0 0.34427083333333336 0.4203703703703704 0.08958333333333333 0.15
0 0.428125 0.45740740740740743 0.078125 0.13148148148148148
0 0.5083333333333333 0.48148148148148145 0.10520833333333333 0.11481481481481481
0 0.8567708333333334 0.6092592592592593 0.10833333333333334 0.16296296296296298
0 0.6934895833333333 0.5023148148148148 0.0890625 0.12685185185185185
0 0.7247395833333333 0.5851851851851851 0.09010416666666667 0.1685185185185185
0 0.6424479166666667 0.5925925925925926 0.07239583333333334 0.13148148148148148
0 0.5643229166666667 0.5722222222222222 0.06510416666666667 0.08888888888888889
0 0.2890625 0.40046296296296297 0.03125 0.14166666666666666
0 0.27760416666666665 0.3907407407407407 0.053125 0.16666666666666666