0 0.6161458333333333 0.36435185185185187 0.14895833333333333 0.36574074074074076
0 0.6341145833333334 0.6944444444444444 0.0921875 0.29259259259259257
0 0.4390625 0.40370370370370373 0.15625 0.34814814814814815
0 0.4544270833333333 0.7449074074074075 0.08802083333333334 0.2935185185185185
0 0.5434895833333333 0.7194444444444444 0.08802083333333334 0.27037037037037037
0 0.71796875 0.6717592592592593 0.08072916666666667 0.3101851851851852
0 0.72578125 0.36157407407407405 0.07447916666666667 0.31203703703703706
0 0.36744791666666665 0.7282407407407407 0.0921875 0.2712962962962963
0 0.31484375 0.4097222222222222 0.0953125 0.3212962962962963
0 0.2765625 0.7263888888888889 0.09375 0.33055555555555555
0 0.22682291666666668 0.45231481481481484 0.1109375 0.2916666666666667
0 0.79921875 0.3875 0.0828125 0.27314814814814814
0 0.77109375 0.6208333333333333 0.06302083333333333 0.23796296296296296
0 0.20598958333333334 0.6958333333333333 0.07552083333333333 0.2101851851851852
0 0.1515625 0.4842592592592593 0.0625 0.2
0 0.15989583333333332 0.6611111111111111 0.051041666666666666 0.16111111111111112