0 0.7994791666666666 0.3398148148148148 0.15104166666666666 0.20555555555555555
0 0.76484375 0.5032407407407408 0.15364583333333334 0.19537037037037036
0 0.7440104166666667 0.6375 0.1234375 0.14351851851851852
0 0.7143229166666667 0.7402777777777778 0.11302083333333333 0.13796296296296295
0 0.6544270833333333 0.8078703703703703 0.12239583333333333 0.12685185185185185
0 0.83671875 0.17407407407407408 0.14010416666666667 0.19444444444444445
0 0.20911458333333333 0.5097222222222222 0.14739583333333334 0.18796296296296297
0 0.3971354166666667 0.8569444444444444 0.08385416666666666 0.12685185185185185
0 0.5302083333333333 0.8592592592592593 0.065625 0.12037037037037036
0 0.46588541666666666 0.8606481481481482 0.0671875 0.12129629629629629
0 0.23671875 0.6462962962962963 0.12447916666666667 0.13703703703703704
0 0.27291666666666664 0.7481481481481481 0.109375 0.13148148148148148
0 0.33541666666666664 0.8305555555555556 0.11354166666666667 0.13703703703703704
0 0.59609375 0.850462962962963 0.09114583333333333 0.12129629629629629
0 0.18567708333333333 0.34953703703703703 0.12760416666666666 0.1712962962962963