0 0.42578125 0.3541666666666667 0.15260416666666668 0.20277777777777778
0 0.578125 0.34953703703703703 0.15 0.2064814814814815
0 0.6932291666666667 0.32731481481481484 0.084375 0.1787037037037037
0 0.76640625 0.3388888888888889 0.0796875 0.19074074074074074
0 0.30130208333333336 0.32916666666666666 0.1046875 0.18611111111111112
0 0.21796875 0.3421296296296296 0.0796875 0.16574074074074074
0 0.17317708333333334 0.35185185185185186 0.0546875 0.11296296296296296
0 0.2609375 0.5305555555555556 0.09375 0.1685185185185185
0 0.33671875 0.5611111111111111 0.11510416666666666 0.15555555555555556
0 0.44296875 0.55 0.09739583333333333 0.16111111111111112
0 0.5458333333333333 0.5486111111111112 0.1 0.14907407407407408
0 0.6432291666666666 0.5601851851851852 0.115625 0.15185185185185185
0 0.6984375 0.525 0.07708333333333334 0.16296296296296298
0 0.8138020833333334 0.3486111111111111 0.0609375 0.1361111111111111
0 0.80234375 0.4671296296296296 0.0796875 0.1175925925925926
0 0.18645833333333334 0.49907407407407406 0.13125 0.1425925925925926
0 0.7481770833333333 0.5120370370370371 0.07447916666666667 0.12407407407407407