0 0.63359375 0.4625 0.16197916666666667 0.5175925925925926
0 0.45729166666666665 0.49537037037037035 0.15208333333333332 0.3814814814814815
0 0.3341145833333333 0.5120370370370371 0.1078125 0.387037037037037
0 0.8026041666666667 0.4546296296296296 0.10208333333333333 0.42407407407407405
0 0.7088541666666667 0.4875 0.11145833333333334 0.4083333333333333
0 0.5466145833333333 0.687962962962963 0.07552083333333333 0.3388888888888889
0 0.4640625 0.7731481481481481 0.08541666666666667 0.17962962962962964
0 0.2390625 0.4166666666666667 0.08645833333333333 0.4111111111111111
0 0.30026041666666664 0.6865740740740741 0.06614583333333333 0.1638888888888889
0 0.38776041666666666 0.7402777777777778 0.07135416666666666 0.15092592592592594
0 0.62421875 0.7768518518518519 0.0578125 0.11296296296296296
0 0.7111979166666667 0.7337962962962963 0.07552083333333333 0.15092592592592594
0 0.88984375 0.44166666666666665 0.05572916666666667 0.3425925925925926
0 0.9252604166666667 0.4351851851851852 0.058854166666666666 0.37777777777777777
0 0.8359375 0.5064814814814815 0.078125 0.42407407407407405
0 0.23645833333333333 0.5925925925925926 0.057291666666666664 0.17407407407407408
0 0.16328125 0.3300925925925926 0.0859375 0.3101851851851852
0 0.18671875 0.5643518518518519 0.0484375 0.2657407407407407