0 0.459375 0.4101851851851852 0.15625 0.3851851851851852
0 0.6143229166666667 0.38564814814814813 0.15260416666666668 0.4009259259259259
0 0.73359375 0.4013888888888889 0.0984375 0.32685185185185184
0 0.340625 0.49027777777777776 0.11875 0.30092592592592593
0 0.24401041666666667 0.5699074074074074 0.1109375 0.3287037037037037
0 0.17083333333333334 0.6615740740740741 0.08125 0.23981481481481481
0 0.10729166666666666 0.7060185185185185 0.07916666666666666 0.19166666666666668
0 0.7994791666666666 0.44537037037037036 0.053125 0.32222222222222224
0 0.84296875 0.525 0.0515625 0.2388888888888889
0 0.32760416666666664 0.7180555555555556 0.0875 0.17685185185185184
0 0.4078125 0.6689814814814815 0.10104166666666667 0.16203703703703703
0 0.4984375 0.6444444444444445 0.1 0.1814814814814815
0 0.23880208333333333 0.8041666666666667 0.08697916666666666 0.16574074074074074
0 0.5859375 0.6333333333333333 0.08854166666666667 0.17777777777777778
0 0.6713541666666667 0.6101851851851852 0.08333333333333333 0.17777777777777778
0 0.753125 0.6370370370370371 0.08020833333333334 0.17407407407407408