0 0.46901041666666665 0.3587962962962963 0.17760416666666667 0.487962962962963
0 0.621875 0.35138888888888886 0.12708333333333333 0.4546296296296296
0 0.7377604166666667 0.3527777777777778 0.1140625 0.45740740740740743
0 0.83671875 0.3578703703703704 0.09322916666666667 0.3768518518518518
0 0.2942708333333333 0.32222222222222224 0.18020833333333333 0.512962962962963
0 0.1921875 0.2759259259259259 0.08854166666666667 0.42962962962962964
0 0.11953125 0.274537037037037 0.07552083333333333 0.41574074074074074
0 0.20494791666666667 0.6842592592592592 0.10260416666666666 0.3925925925925926
0 0.3640625 0.7018518518518518 0.11666666666666667 0.3277777777777778
0 0.4661458333333333 0.7152777777777778 0.103125 0.25462962962962965
0 0.58046875 0.662962962962963 0.11614583333333334 0.3685185185185185
0 0.14296875 0.5995370370370371 0.06510416666666667 0.33796296296296297
0 0.7682291666666666 0.6527777777777778 0.12604166666666666 0.32037037037037036
0 0.6760416666666667 0.75 0.128125 0.4166666666666667
0 0.28203125 0.6828703703703703 0.09114583333333333 0.22870370370370371