0 0.6041666666666666 0.4324074074074074 0.11354166666666667 0.17407407407407408
0 0.7036458333333333 0.40925925925925927 0.0875 0.1648148148148148
0 0.7708333333333334 0.3976851851851852 0.065625 0.16944444444444445
0 0.8190104166666666 0.4041666666666667 0.05260416666666667 0.16018518518518518
0 0.85625 0.37083333333333335 0.035416666666666666 0.125
0 0.7580729166666667 0.5597222222222222 0.058854166666666666 0.15092592592592594
0 0.696875 0.575925925925926 0.071875 0.16296296296296298
0 0.6270833333333333 0.5856481481481481 0.075 0.14907407407407408
0 0.5578125 0.6023148148148149 0.071875 0.13240740740740742
0 0.49270833333333336 0.600925925925926 0.07291666666666667 0.13148148148148148
0 0.4869791666666667 0.43425925925925923 0.1125 0.16296296296296298
0 0.39088541666666665 0.4398148148148148 0.09322916666666667 0.1574074074074074
0 0.42291666666666666 0.5944444444444444 0.071875 0.1259259259259259
0 0.36354166666666665 0.5782407407407407 0.06145833333333333 0.14907407407407408
0 0.309375 0.41712962962962963 0.075 0.1675925925925926
0 0.3072916666666667 0.5717592592592593 0.06041666666666667 0.125
0 0.2625 0.4217592592592593 0.052083333333333336 0.15648148148148147