0 0.44114583333333335 0.4444444444444444 0.11041666666666666 0.2222222222222222
0 0.55234375 0.44074074074074077 0.1109375 0.21296296296296297
0 0.6479166666666667 0.45185185185185184 0.08125 0.18888888888888888
0 0.7260416666666667 0.46111111111111114 0.07916666666666666 0.20185185185185187
0 0.7854166666666667 0.48564814814814816 0.053125 0.16203703703703703
0 0.8244791666666667 0.4925925925925926 0.03958333333333333 0.14629629629629629
0 0.85546875 0.49074074074074076 0.043229166666666666 0.14074074074074075
0 0.8903645833333333 0.46064814814814814 0.030729166666666665 0.11574074074074074
0 0.35651041666666666 0.45787037037037037 0.0703125 0.18425925925925926
0 0.28359375 0.45231481481481484 0.07760416666666667 0.20462962962962963
0 0.20130208333333333 0.4773148148148148 0.033854166666666664 0.13425925925925927
0 0.4161458333333333 0.6106481481481482 0.07708333333333334 0.13425925925925927
0 0.55546875 0.5990740740740741 0.06822916666666666 0.10925925925925926
0 0.6216145833333333 0.5925925925925926 0.07552083333333333 0.15
0 0.6856770833333333 0.6092592592592593 0.06822916666666666 0.17222222222222222
0 0.74375 0.6092592592592593 0.051041666666666666 0.13703703703703704
0 0.7802083333333333 0.5990740740740741 0.05625 0.13518518518518519
0 0.8270833333333333 0.6069444444444444 0.06354166666666666 0.11944444444444445
0 0.346875 0.6 0.07916666666666666 0.15925925925925927
0 0.2911458333333333 0.5902777777777778 0.06458333333333334 0.16203703703703703
0 0.246875 0.5916666666666667 0.04791666666666667 0.12407407407407407
0 0.17369791666666667 0.46620370370370373 0.028645833333333332 0.12314814814814815
0 0.4864583333333333 0.5939814814814814 0.06770833333333333 0.12314814814814815
0 0.23854166666666668 0.48055555555555557 0.052083333333333336 0.14814814814814814