0 0.6901041666666666 0.3236111111111111 0.13020833333333334 0.5194444444444445
0 0.5549479166666667 0.36712962962962964 0.14947916666666666 0.6138888888888889
0 0.4080729166666667 0.3458333333333333 0.15052083333333333 0.6212962962962963
0 0.28515625 0.35833333333333334 0.09635416666666667 0.4648148148148148
0 0.8005208333333333 0.38101851851851853 0.09895833333333333 0.5361111111111111
0 0.19557291666666668 0.3388888888888889 0.0921875 0.4925925925925926
0 0.27630208333333334 0.7597222222222222 0.08385416666666666 0.4583333333333333
0 0.45651041666666664 0.8032407407407407 0.07864583333333333 0.3675925925925926
0 0.6557291666666667 0.7638888888888888 0.09166666666666666 0.4685185185185185
0 0.7388020833333333 0.7680555555555556 0.08177083333333333 0.4601851851851852
0 0.5580729166666667 0.8268518518518518 0.09322916666666667 0.3425925925925926
0 0.8153645833333333 0.7708333333333334 0.08489583333333334 0.3527777777777778
0 0.3653645833333333 0.7532407407407408 0.1046875 0.4305555555555556
0 0.8765625 0.3662037037037037 0.06666666666666667 0.5175925925925926
0 0.20104166666666667 0.7023148148148148 0.08020833333333334 0.3453703703703704
0 0.13671875 0.6 0.0609375 0.40370370370370373