0 0.4666666666666667 0.5527777777777778 0.08958333333333333 0.11666666666666667
0 0.534375 0.5351851851851852 0.06458333333333334 0.1111111111111111
0 0.37916666666666665 0.5527777777777778 0.08854166666666667 0.12037037037037036
0 0.30625 0.5310185185185186 0.058333333333333334 0.10462962962962963
0 0.25859375 0.5342592592592592 0.0453125 0.10740740740740741
0 0.5893229166666667 0.5291666666666667 0.050520833333333334 0.10092592592592593
0 0.6270833333333333 0.5027777777777778 0.030208333333333334 0.07407407407407407
0 0.2296875 0.5138888888888888 0.029166666666666667 0.07962962962962963
0 0.38203125 0.6351851851851852 0.05260416666666667 0.04259259259259259
0 0.4356770833333333 0.6337962962962963 0.05677083333333333 0.04722222222222222
0 0.3299479166666667 0.6222222222222222 0.05260416666666667 0.05555555555555555
0 0.4901041666666667 0.6217592592592592 0.058333333333333334 0.05092592592592592
0 0.2830729166666667 0.612037037037037 0.0421875 0.044444444444444446