0 0.44114583333333335 0.4356481481481482 0.15520833333333334 0.28425925925925927
0 0.6197916666666666 0.44537037037037036 0.15208333333333332 0.2759259259259259
0 0.7486979166666666 0.4203703703703704 0.10885416666666667 0.2740740740740741
0 0.86015625 0.3490740740740741 0.10989583333333333 0.2777777777777778
0 0.2953125 0.4060185185185185 0.103125 0.27870370370370373
0 0.18697916666666667 0.3648148148148148 0.1125 0.2388888888888889
0 0.24401041666666667 0.6861111111111111 0.08072916666666667 0.31296296296296294
0 0.3385416666666667 0.7282407407407407 0.10833333333333334 0.25462962962962965
0 0.4479166666666667 0.7398148148148148 0.10208333333333333 0.21851851851851853
0 0.55859375 0.7583333333333333 0.10572916666666667 0.2351851851851852
0 0.6690104166666667 0.7444444444444445 0.10364583333333334 0.24444444444444444
0 0.7591145833333334 0.7185185185185186 0.09427083333333333 0.30185185185185187
0 0.8479166666666667 0.6287037037037037 0.125 0.2740740740740741
0 0.17109375 0.6300925925925925 0.08177083333333333 0.2898148148148148
0 0.10963541666666667 0.5810185185185185 0.0703125 0.2324074074074074