0 0.48880208333333336 0.4050925925925926 0.19114583333333332 0.25092592592592594
0 0.3307291666666667 0.38842592592592595 0.14583333333333334 0.2324074074074074
0 0.6434895833333333 0.4111111111111111 0.15677083333333333 0.20185185185185187
0 0.8044270833333333 0.40370370370370373 0.16927083333333334 0.22037037037037038
0 0.9385416666666667 0.37453703703703706 0.11354166666666667 0.16018518518518518
0 0.22604166666666667 0.3527777777777778 0.11041666666666666 0.18888888888888888
0 0.26848958333333334 0.5300925925925926 0.0796875 0.14907407407407408
0 0.34270833333333334 0.575925925925926 0.09270833333333334 0.1648148148148148
0 0.4234375 0.600462962962963 0.10625 0.18425925925925926
0 0.51640625 0.6166666666666667 0.12447916666666667 0.17777777777777778
0 0.6255208333333333 0.5875 0.140625 0.1675925925925926
0 0.7661458333333333 0.5574074074074075 0.14583333333333334 0.13703703703703704
0 0.8791666666666667 0.5078703703703704 0.11875 0.09166666666666666