0 0.48776041666666664 0.5143518518518518 0.1203125 0.20277777777777778
0 0.60390625 0.5111111111111111 0.11822916666666666 0.1962962962962963
0 0.7072916666666667 0.4824074074074074 0.09270833333333334 0.1685185185185185
0 0.3776041666666667 0.49212962962962964 0.10104166666666667 0.17314814814814813
0 0.29244791666666664 0.4842592592592593 0.0703125 0.16296296296296298
0 0.7817708333333333 0.4601851851851852 0.08125 0.12037037037037036
0 0.8307291666666666 0.45694444444444443 0.030208333333333334 0.11388888888888889
0 0.8684895833333334 0.4425925925925926 0.049479166666666664 0.11296296296296296
0 0.24296875 0.46574074074074073 0.027604166666666666 0.12962962962962962
0 0.2734375 0.6185185185185185 0.04375 0.07592592592592592
0 0.32578125 0.6222222222222222 0.06302083333333333 0.09259259259259259
0 0.39010416666666664 0.6296296296296297 0.078125 0.07222222222222222
0 0.5359375 0.6458333333333334 0.078125 0.049074074074074076
0 0.6830729166666667 0.6162037037037037 0.08489583333333334 0.10277777777777777
0 0.7609375 0.6027777777777777 0.06666666666666667 0.05925925925925926