0 0.36276041666666664 0.3814814814814815 0.2359375 0.6203703703703703
0 0.58984375 0.35694444444444445 0.22447916666666667 0.6027777777777777
0 0.7684895833333333 0.2828703703703704 0.1640625 0.5638888888888889
0 0.18697916666666667 0.3365740740740741 0.13333333333333333 0.6268518518518519
0 0.8911458333333333 0.27314814814814814 0.13020833333333334 0.5222222222222223
0 0.8924479166666667 0.2675925925925926 0.12864583333333332 0.5314814814814814
0 0.8052083333333333 0.7537037037037037 0.16041666666666668 0.4388888888888889
0 0.6802083333333333 0.725462962962963 0.11666666666666667 0.4101851851851852
0 0.5578125 0.7851851851851852 0.11875 0.25925925925925924
0 0.45 0.7916666666666666 0.11666666666666667 0.3037037037037037
0 0.3377604166666667 0.7921296296296296 0.08802083333333334 0.23055555555555557
0 0.22630208333333332 0.8078703703703703 0.1328125 0.3490740740740741
0 0.0734375 0.3282407407407407 0.11666666666666667 0.5231481481481481
0 0.8963541666666667 0.6509259259259259 0.09479166666666666 0.2722222222222222