0 0.5296875 0.44305555555555554 0.21354166666666666 0.18425925925925926
0 0.7005208333333334 0.44027777777777777 0.153125 0.16574074074074074
0 0.8106770833333333 0.41805555555555557 0.07552083333333333 0.14722222222222223
0 0.8705729166666667 0.4217592592592593 0.0484375 0.11203703703703703
0 0.35703125 0.4388888888888889 0.1421875 0.1814814814814815
0 0.22552083333333334 0.4300925925925926 0.121875 0.13796296296296295
0 0.1390625 0.41898148148148145 0.08020833333333334 0.09351851851851851
0 0.19296875 0.5657407407407408 0.11822916666666666 0.10740740740740741
0 0.30546875 0.5689814814814815 0.12760416666666666 0.13055555555555556
0 0.4270833333333333 0.5819444444444445 0.128125 0.11944444444444445
0 0.5505208333333333 0.5722222222222222 0.134375 0.11666666666666667
0 0.653125 0.5685185185185185 0.11354166666666667 0.13518518518518519
0 0.73359375 0.5787037037037037 0.08802083333333334 0.11666666666666667
0 0.7841145833333333 0.5773148148148148 0.0578125 0.11388888888888889
0 0.840625 0.575925925925926 0.065625 0.07592592592592592
0 0.11901041666666666 0.5462962962962963 0.0734375 0.07777777777777778