0 0.4783854166666667 0.2689814814814815 0.0859375 0.11944444444444445
0 0.5671875 0.26064814814814813 0.090625 0.13240740740740742
0 0.62734375 0.25601851851851853 0.07552083333333333 0.125
0 0.68046875 0.2490740740740741 0.04114583333333333 0.10925925925925926
0 0.40130208333333334 0.26481481481481484 0.06614583333333333 0.11851851851851852
0 0.34921875 0.2675925925925926 0.0453125 0.10555555555555556
0 0.31536458333333334 0.26944444444444443 0.033854166666666664 0.09074074074074075
0 0.28958333333333336 0.2740740740740741 0.028125 0.07592592592592592
0 0.346875 0.3472222222222222 0.06145833333333333 0.05555555555555555
0 0.40234375 0.35185185185185186 0.043229166666666666 0.05555555555555555
0 0.4471354166666667 0.3523148148148148 0.05364583333333333 0.06574074074074074
0 0.5002604166666667 0.3587962962962963 0.05260416666666667 0.06574074074074074
0 0.5552083333333333 0.3587962962962963 0.058333333333333334 0.06574074074074074
0 0.60703125 0.3453703703703704 0.0453125 0.06666666666666667
0 0.6463541666666667 0.3453703703703704 0.0375 0.05740740740740741
0 0.6760416666666667 0.33796296296296297 0.041666666666666664 0.06296296296296296