0 0.4630208333333333 0.4009259259259259 0.03958333333333333 0.08703703703703704
0 0.50859375 0.4013888888888889 0.0515625 0.10277777777777777
0 0.56640625 0.4041666666666667 0.06614583333333333 0.11574074074074074
0 0.6270833333333333 0.4083333333333333 0.06041666666666667 0.1037037037037037
0 0.6705729166666666 0.412962962962963 0.0359375 0.08333333333333333
0 0.428125 0.3972222222222222 0.0375 0.07407407407407407
0 0.5138020833333333 0.5013888888888889 0.044270833333333336 0.03425925925925926
0 0.5559895833333334 0.5055555555555555 0.0421875 0.027777777777777776
0 0.5958333333333333 0.5060185185185185 0.0375 0.030555555555555555
0 0.6994791666666667 0.41712962962962963 0.03125 0.075
0 0.39791666666666664 0.387037037037037 0.03125 0.06111111111111111
0 0.47760416666666666 0.48842592592592593 0.023958333333333335 0.025
0 0.44505208333333335 0.4699074074074074 0.027604166666666666 0.030555555555555555