0 0.5322916666666667 0.41712962962962963 0.109375 0.33055555555555555
0 0.42421875 0.41388888888888886 0.1078125 0.3
0 0.3338541666666667 0.4115740740740741 0.08020833333333334 0.20462962962962963
0 0.63671875 0.4185185185185185 0.1203125 0.35
0 0.7361979166666667 0.425 0.09427083333333333 0.3388888888888889
0 0.26510416666666664 0.4111111111111111 0.08125 0.21481481481481482
0 0.17447916666666666 0.35 0.1125 0.2574074074074074
0 0.7927083333333333 0.4263888888888889 0.04791666666666667 0.2490740740740741
0 0.82109375 0.4083333333333333 0.03177083333333333 0.28703703703703703
0 0.7708333333333334 0.6550925925925926 0.0375 0.20833333333333334
0 0.7442708333333333 0.6527777777777778 0.04479166666666667 0.1259259259259259
0 0.6979166666666666 0.6699074074074074 0.06666666666666667 0.17685185185185184
0 0.63203125 0.6648148148148149 0.08072916666666667 0.17962962962962964
0 0.5567708333333333 0.649074074074074 0.08020833333333334 0.19814814814814816
0 0.471875 0.6231481481481481 0.0875 0.29259259259259257
0 0.3776041666666667 0.612037037037037 0.078125 0.23333333333333334
0 0.2953125 0.6046296296296296 0.0875 0.23703703703703705
0 0.20729166666666668 0.5615740740740741 0.10729166666666666 0.19166666666666668
0 0.1109375 0.43842592592592594 0.09166666666666666 0.18611111111111112