0 0.5799479166666667 0.29907407407407405 0.18697916666666667 0.35
0 0.746875 0.2972222222222222 0.14895833333333333 0.32592592592592595
0 0.3932291666666667 0.28564814814814815 0.17604166666666668 0.375
0 0.253125 0.2712962962962963 0.12604166666666666 0.32222222222222224
0 0.15807291666666667 0.24074074074074073 0.07864583333333333 0.32222222222222224
0 0.31744791666666666 0.8125 0.10052083333333334 0.2824074074074074
0 0.42421875 0.8310185185185185 0.11302083333333333 0.2490740740740741
0 0.5294270833333333 0.8268518518518518 0.10989583333333333 0.2722222222222222
0 0.6317708333333333 0.825 0.10625 0.26296296296296295
0 0.71484375 0.7606481481481482 0.12552083333333333 0.33055555555555555
0 0.23177083333333334 0.799074074074074 0.096875 0.3333333333333333
0 0.09947916666666666 0.274537037037037 0.057291666666666664 0.2064814814814815
0 0.85 0.6875 0.16041666666666668 0.33240740740740743
0 0.8705729166666667 0.24953703703703703 0.1015625 0.25833333333333336
0 0.94453125 0.2513888888888889 0.07760416666666667 0.2101851851851852
0 0.90234375 0.5310185185185186 0.19322916666666667 0.22314814814814815