0 0.4161458333333333 0.4513888888888889 0.075 0.09166666666666666
0 0.35703125 0.45740740740740743 0.05364583333333333 0.08518518518518518
0 0.5177083333333333 0.5148148148148148 0.065625 0.06111111111111111
0 0.5864583333333333 0.5032407407407408 0.06145833333333333 0.06944444444444445
0 0.4630208333333333 0.5175925925925926 0.059375 0.06851851851851852
0 0.4075520833333333 0.524074074074074 0.05260416666666667 0.06111111111111111
0 0.3609375 0.513425925925926 0.05625 0.062037037037037036
0 0.3138020833333333 0.46620370370370373 0.04114583333333333 0.06018518518518518
0 0.4981770833333333 0.43287037037037035 0.11510416666666666 0.10462962962962963
0 0.6369791666666667 0.5013888888888889 0.041666666666666664 0.06574074074074074
0 0.6955729166666667 0.4134259259259259 0.0453125 0.0787037037037037