0 0.3411458333333333 0.3902777777777778 0.13854166666666667 0.3175925925925926
0 0.4786458333333333 0.4 0.14166666666666666 0.3333333333333333
0 0.59765625 0.4412037037037037 0.10885416666666667 0.24722222222222223
0 0.6986979166666667 0.4597222222222222 0.0984375 0.23981481481481481
0 0.7859375 0.46064814814814814 0.08958333333333333 0.24351851851851852
0 0.8828125 0.4842592592592593 0.11979166666666667 0.2111111111111111
0 0.20859375 0.3912037037037037 0.14947916666666666 0.3212962962962963
0 0.08854166666666667 0.3939814814814815 0.11145833333333334 0.3175925925925926
0 0.21510416666666668 0.649537037037037 0.07604166666666666 0.19907407407407407
0 0.29348958333333336 0.6287037037037037 0.08697916666666666 0.20185185185185187
0 0.40208333333333335 0.6638888888888889 0.11666666666666667 0.29814814814814816
0 0.5239583333333333 0.662962962962963 0.13125 0.2222222222222222
0 0.64375 0.6796296296296296 0.121875 0.2
0 0.7690104166666667 0.6810185185185185 0.1421875 0.1935185185185185
0 0.9161458333333333 0.687962962962963 0.165625 0.15925925925925927
0 0.14479166666666668 0.6393518518518518 0.07291666666666667 0.175