0 0.4 0.35555555555555557 0.10208333333333333 0.23148148148148148
0 0.5255208333333333 0.6555555555555556 0.1 0.3055555555555556
0 0.63828125 0.33425925925925926 0.0796875 0.18518518518518517
0 0.6229166666666667 0.6356481481481482 0.10104166666666667 0.31203703703703706
0 0.5283854166666667 0.34814814814814815 0.09947916666666666 0.22777777777777777
0 0.41328125 0.663425925925926 0.10052083333333334 0.2972222222222222
0 0.22864583333333333 0.3453703703703704 0.09791666666666667 0.21481481481481482
0 0.24583333333333332 0.6296296296296297 0.08958333333333333 0.2814814814814815
0 0.325 0.6277777777777778 0.09791666666666667 0.25
0 0.71640625 0.6314814814814815 0.0890625 0.32037037037037036
0 0.7919270833333333 0.5907407407407408 0.1015625 0.2537037037037037
0 0.7268229166666667 0.32592592592592595 0.0953125 0.24259259259259258
0 0.7984375 0.33240740740740743 0.065625 0.1925925925925926
0 0.15546875 0.34814814814814815 0.07552083333333333 0.18703703703703703
0 0.17447916666666666 0.6138888888888889 0.07708333333333334 0.2777777777777778
0 0.8625 0.5402777777777777 0.071875 0.18981481481481483
0 0.10703125 0.5699074074074074 0.07552083333333333 0.15462962962962962
0 0.11458333333333333 0.3648148148148148 0.04791666666666667 0.15555555555555556
0 0.85234375 0.3162037037037037 0.0453125 0.13425925925925927
0 0.9041666666666667 0.3143518518518518 0.08125 0.19722222222222222