0 0.5424479166666667 0.41574074074074074 0.1265625 0.2518518518518518
0 0.4203125 0.4212962962962963 0.11979166666666667 0.23333333333333334
0 0.6526041666666667 0.4310185185185185 0.096875 0.18611111111111112
0 0.3151041666666667 0.4356481481481482 0.09375 0.1675925925925926
0 0.7361979166666667 0.41203703703703703 0.0671875 0.2074074074074074
0 0.5955729166666667 0.5847222222222223 0.07447916666666667 0.17314814814814813
0 0.52421875 0.5935185185185186 0.07239583333333334 0.12222222222222222
0 0.675 0.5875 0.07291666666666667 0.15648148148148147
0 0.7447916666666666 0.5712962962962963 0.07395833333333333 0.15
0 0.4471354166666667 0.6069444444444444 0.06927083333333334 0.1638888888888889
0 0.3765625 0.5745370370370371 0.08125 0.1398148148148148
0 0.3028645833333333 0.5930555555555556 0.07135416666666666 0.1824074074074074