0 0.45729166666666665 0.22453703703703703 0.090625 0.12314814814814815
0 0.5473958333333333 0.21712962962962962 0.09270833333333334 0.125
0 0.61875 0.19444444444444445 0.059375 0.12777777777777777
0 0.38515625 0.2162037037037037 0.0640625 0.1175925925925926
0 0.33255208333333336 0.21388888888888888 0.05260416666666667 0.10740740740740741
0 0.6625 0.1837962962962963 0.040625 0.11203703703703703
0 0.6919270833333333 0.18101851851851852 0.025520833333333333 0.09537037037037037
0 0.53671875 0.37546296296296294 0.0546875 0.08611111111111111
0 0.5859375 0.36527777777777776 0.058333333333333334 0.08981481481481482
0 0.6348958333333333 0.36018518518518516 0.05520833333333333 0.1
0 0.6802083333333333 0.36527777777777776 0.0375 0.09722222222222222
0 0.46015625 0.3814814814814815 0.0515625 0.08703703703703704
0 0.41041666666666665 0.38055555555555554 0.06354166666666666 0.09074074074074075
0 0.36276041666666664 0.3819444444444444 0.058854166666666666 0.10833333333333334
0 0.29921875 0.37962962962962965 0.07552083333333333 0.1
0 0.2984375 0.2074074074074074 0.04791666666666667 0.0962962962962963