0 0.496875 0.23055555555555557 0.11458333333333333 0.2074074074074074
0 0.38359375 0.2375 0.12239583333333333 0.19537037037037036
0 0.6127604166666667 0.23148148148148148 0.11822916666666666 0.21851851851851853
0 0.46953125 0.6657407407407407 0.2015625 0.29444444444444445
0 0.2986979166666667 0.6671296296296296 0.14427083333333332 0.24351851851851852
0 0.6552083333333333 0.6810185185185185 0.19895833333333332 0.2916666666666667
0 0.16848958333333333 0.6504629629629629 0.1296875 0.23796296296296296
0 0.8067708333333333 0.6949074074074074 0.13854166666666667 0.2212962962962963
0 0.7197916666666667 0.25092592592592594 0.12395833333333334 0.20555555555555555
0 0.26901041666666664 0.21157407407407408 0.12135416666666667 0.24166666666666667
0 0.15520833333333334 0.2351851851851852 0.12604166666666666 0.17962962962962964
0 0.8158854166666667 0.23472222222222222 0.09635416666666667 0.2324074074074074
0 0.82890625 0.2949074074074074 0.14322916666666666 0.175
0 0.8994791666666667 0.7041666666666667 0.07916666666666666 0.2361111111111111
0 0.09166666666666666 0.6152777777777778 0.07291666666666667 0.1638888888888889