0 0.5643229166666667 0.4398148148148148 0.12864583333333332 0.13148148148148148
0 0.43203125 0.4425925925925926 0.13489583333333333 0.13518518518518519
0 0.32083333333333336 0.4462962962962963 0.0875 0.10740740740740741
0 0.24140625 0.4375 0.08072916666666667 0.12129629629629629
0 0.6736979166666667 0.42777777777777776 0.09010416666666667 0.11481481481481481
0 0.7489583333333333 0.41712962962962963 0.058333333333333334 0.1287037037037037
0 0.19817708333333334 0.43657407407407406 0.049479166666666664 0.08425925925925926
0 0.534375 0.5171296296296296 0.07604166666666666 0.05648148148148148
0 0.45546875 0.524537037037037 0.0828125 0.03981481481481482
0 0.6119791666666666 0.5106481481481482 0.08125 0.06018518518518518
0 0.6893229166666667 0.5046296296296297 0.08489583333333334 0.05925925925925926
0 0.37838541666666664 0.5166666666666667 0.08177083333333333 0.044444444444444446