0 0.725 0.37407407407407406 0.09166666666666666 0.49074074074074076
0 0.5388020833333333 0.4398148148148148 0.1421875 0.45740740740740743
0 0.40234375 0.4412037037037037 0.13802083333333334 0.4675925925925926
0 0.30520833333333336 0.47685185185185186 0.08020833333333334 0.3296296296296296
0 0.23020833333333332 0.44305555555555554 0.071875 0.39166666666666666
0 0.6424479166666667 0.475 0.08177083333333333 0.3425925925925926
0 0.7901041666666667 0.45046296296296295 0.05416666666666667 0.26944444444444443
0 0.18151041666666667 0.4847222222222222 0.0546875 0.2657407407407407
0 0.6734375 0.7486111111111111 0.07708333333333334 0.35462962962962963
0 0.74375 0.7087962962962963 0.07916666666666666 0.275
0 0.5958333333333333 0.7342592592592593 0.08333333333333333 0.1962962962962963
0 0.49609375 0.7203703703703703 0.0734375 0.17777777777777778
0 0.4109375 0.7393518518518518 0.06875 0.14351851851851852
0 0.32786458333333335 0.725 0.06614583333333333 0.17592592592592593
0 0.2591145833333333 0.7236111111111111 0.0671875 0.25092592592592594
0 0.7903645833333334 0.6759259259259259 0.06302083333333333 0.23703703703703705
0 0.20755208333333333 0.6939814814814815 0.059895833333333336 0.21388888888888888
0 0.8302083333333333 0.662962962962963 0.075 0.1814814814814815
0 0.8247395833333333 0.47129629629629627 0.043229166666666666 0.22037037037037038
0 0.15338541666666666 0.49675925925925923 0.033854166666666664 0.18611111111111112