0 0.5481770833333334 0.3800925925925926 0.14010416666666667 0.3453703703703704
0 0.41119791666666666 0.36342592592592593 0.1390625 0.3990740740740741
0 0.30416666666666664 0.38472222222222224 0.09583333333333334 0.39537037037037037
0 0.21796875 0.37175925925925923 0.08177083333333333 0.2953703703703704
0 0.6734375 0.36666666666666664 0.11458333333333333 0.34629629629629627
0 0.6864583333333333 0.624537037037037 0.07395833333333333 0.22685185185185186
0 0.6067708333333334 0.6458333333333334 0.096875 0.27314814814814814
0 0.5177083333333333 0.6305555555555555 0.08229166666666667 0.22777777777777777
0 0.43776041666666665 0.6398148148148148 0.07135416666666666 0.19444444444444445
0 0.76171875 0.575 0.0828125 0.25925925925925924
0 0.3020833333333333 0.6333333333333333 0.06354166666666666 0.15555555555555556
0 0.7619791666666667 0.34675925925925927 0.1 0.3638888888888889