0 0.71015625 0.11944444444444445 0.17447916666666666 0.19814814814814816
0 0.53125 0.08935185185185185 0.17708333333333334 0.17314814814814813
0 0.3919270833333333 0.13333333333333333 0.13489583333333333 0.1648148148148148
0 0.32135416666666666 0.24444444444444444 0.12708333333333333 0.15555555555555556
0 0.30390625 0.37407407407407406 0.14739583333333334 0.14629629629629629
0 0.8765625 0.4074074074074074 0.14270833333333333 0.2
0 0.771875 0.6217592592592592 0.13229166666666667 0.14351851851851852
0 0.8869791666666667 0.5935185185185186 0.12604166666666666 0.18518518518518517
0 0.8705729166666667 0.7444444444444445 0.17135416666666667 0.15185185185185185
0 0.27369791666666665 0.4722222222222222 0.13802083333333334 0.1388888888888889
0 0.246875 0.5745370370370371 0.14270833333333333 0.14166666666666666
0 0.8700520833333333 0.8574074074074074 0.16510416666666666 0.12222222222222222
0 0.8526041666666667 0.9361111111111111 0.12291666666666666 0.08148148148148149
0 0.8341145833333333 0.2490740740740741 0.1421875 0.1574074074074074