0 0.34036458333333336 0.4787037037037037 0.14114583333333333 0.3388888888888889
0 0.4622395833333333 0.48148148148148145 0.11302083333333333 0.2796296296296296
0 0.5861979166666667 0.4537037037037037 0.13802083333333334 0.42407407407407405
0 0.18984375 0.44583333333333336 0.13385416666666666 0.3435185185185185
0 0.10364583333333334 0.4759259259259259 0.07708333333333334 0.3
0 0.79609375 0.6458333333333334 0.13385416666666666 0.38796296296296295
0 0.9471354166666667 0.4 0.10364583333333334 0.3074074074074074
0 0.45807291666666666 0.687037037037037 0.09427083333333333 0.1962962962962963
0 0.36041666666666666 0.6921296296296297 0.07395833333333333 0.1361111111111111
0 0.203125 0.6837962962962963 0.08958333333333333 0.18055555555555555
0 0.6825520833333333 0.6162037037037037 0.11302083333333333 0.36203703703703705
0 0.5651041666666666 0.6856481481481481 0.11875 0.25277777777777777
0 0.284375 0.6810185185185185 0.08645833333333333 0.18981481481481483
0 0.12552083333333333 0.7138888888888889 0.08229166666666667 0.18888888888888888