0 0.7583333333333333 0.34120370370370373 0.12291666666666666 0.2675925925925926
0 0.5385416666666667 0.35462962962962963 0.13541666666666666 0.24814814814814815
0 0.45859375 0.5597222222222222 0.11927083333333334 0.24537037037037038
0 0.29010416666666666 0.34953703703703703 0.11666666666666667 0.22314814814814815
0 0.8505208333333333 0.33055555555555555 0.078125 0.26296296296296295
0 0.40989583333333335 0.3675925925925926 0.12395833333333334 0.23703703703703705
0 0.6520833333333333 0.3541666666666667 0.09375 0.22314814814814815
0 0.34010416666666665 0.5462962962962963 0.11770833333333333 0.23333333333333334
0 0.6721354166666667 0.5546296296296296 0.0828125 0.21666666666666667
0 0.7432291666666667 0.5615740740740741 0.065625 0.21574074074074073
0 0.5763020833333333 0.5814814814814815 0.11614583333333334 0.28888888888888886
0 0.8361979166666667 0.5388888888888889 0.043229166666666666 0.15555555555555556
0 0.79921875 0.5523148148148148 0.05364583333333333 0.18055555555555555
0 0.20338541666666668 0.5393518518518519 0.15677083333333333 0.24166666666666667
0 0.17890625 0.33194444444444443 0.11197916666666667 0.225