0 0.5658854166666667 0.20833333333333334 0.1984375 0.3592592592592593
0 0.6705729166666666 0.5611111111111111 0.1453125 0.3333333333333333
0 0.5442708333333334 0.5481481481481482 0.140625 0.3333333333333333
0 0.7205729166666667 0.2351851851851852 0.14635416666666667 0.32592592592592595
0 0.79375 0.6060185185185185 0.14270833333333333 0.4398148148148148
0 0.3723958333333333 0.19814814814814816 0.19270833333333334 0.37777777777777777
0 0.4078125 0.5453703703703704 0.1375 0.3333333333333333
0 0.27265625 0.5398148148148149 0.14947916666666666 0.31851851851851853
0 0.8932291666666666 0.5509259259259259 0.09583333333333334 0.2722222222222222
0 0.84140625 0.2708333333333333 0.11197916666666667 0.29907407407407405
0 0.21041666666666667 0.22268518518518518 0.140625 0.33240740740740743
0 0.15416666666666667 0.5722222222222222 0.134375 0.37777777777777777
0 0.10364583333333334 0.25601851851851853 0.12604166666666666 0.33796296296296297
0 0.06875 0.5601851851851852 0.096875 0.29444444444444445
0 0.9296875 0.29814814814814816 0.07395833333333333 0.22777777777777777