0 0.44192708333333336 0.17453703703703705 0.17864583333333334 0.2324074074074074
0 0.6390625 0.18888888888888888 0.178125 0.2074074074074074
0 0.7721354166666666 0.26157407407407407 0.13489583333333333 0.2212962962962963
0 0.83046875 0.43148148148148147 0.13489583333333333 0.21851851851851853
0 0.8666666666666667 0.625 0.16770833333333332 0.20925925925925926
0 0.89609375 0.8013888888888889 0.15052083333333333 0.1824074074074074
0 0.29348958333333336 0.2222222222222222 0.13802083333333334 0.21481481481481482
0 0.19088541666666667 0.37453703703703706 0.1390625 0.21388888888888888
0 0.08880208333333334 0.737037037037037 0.1515625 0.19814814814814816
0 0.13880208333333333 0.5657407407407408 0.15677083333333333 0.22037037037037038
0 0.065625 0.8916666666666667 0.13020833333333334 0.21296296296296297
0 0.9098958333333333 0.9273148148148148 0.178125 0.14166666666666666