0 0.44635416666666666 0.5231481481481481 0.10520833333333333 0.22407407407407406
0 0.5450520833333333 0.5231481481481481 0.1140625 0.21851851851851853
0 0.6359375 0.5115740740740741 0.06979166666666667 0.21388888888888888
0 0.69453125 0.5023148148148148 0.0515625 0.2064814814814815
0 0.7330729166666666 0.49027777777777776 0.0421875 0.14907407407407408
0 0.3580729166666667 0.5287037037037037 0.07135416666666666 0.17592592592592593
0 0.29973958333333334 0.5194444444444445 0.05364583333333333 0.21481481481481482
0 0.2591145833333333 0.5111111111111111 0.04114583333333333 0.14444444444444443
0 0.41041666666666665 0.6592592592592592 0.06875 0.07592592592592592
0 0.47291666666666665 0.6685185185185185 0.059375 0.07777777777777778
0 0.53203125 0.6662037037037037 0.06614583333333333 0.07314814814814814
0 0.60078125 0.6504629629629629 0.06302083333333333 0.05648148148148148
0 0.3541666666666667 0.6472222222222223 0.041666666666666664 0.06481481481481481