0 0.5755208333333334 0.13333333333333333 0.13645833333333332 0.18888888888888888
0 0.6671875 0.22407407407407406 0.1125 0.14444444444444443
0 0.7669270833333334 0.3037037037037037 0.13697916666666668 0.18333333333333332
0 0.8296875 0.46064814814814814 0.18020833333333333 0.1675925925925926
0 0.8505208333333333 0.6611111111111111 0.17708333333333334 0.26851851851851855
0 0.8833333333333333 0.8666666666666667 0.171875 0.24444444444444444
0 0.4361979166666667 0.12453703703703704 0.14427083333333332 0.17685185185185184
0 0.33177083333333335 0.16018518518518518 0.13229166666666667 0.1685185185185185
0 0.2559895833333333 0.3023148148148148 0.14114583333333333 0.19166666666666668
0 0.19817708333333334 0.46944444444444444 0.1671875 0.18888888888888888
0 0.16119791666666666 0.6611111111111111 0.1953125 0.26851851851851855
0 0.12109375 0.8671296296296296 0.1796875 0.24166666666666667