0 0.17473958333333334 0.3875 0.12135416666666667 0.2972222222222222
0 0.28098958333333335 0.38055555555555554 0.12864583333333332 0.3
0 0.40677083333333336 0.39675925925925926 0.14479166666666668 0.32685185185185184
0 0.5330729166666667 0.425462962962963 0.11510416666666666 0.25833333333333336
0 0.6388020833333333 0.42685185185185187 0.1046875 0.26296296296296295
0 0.7341145833333333 0.41898148148148145 0.09427083333333333 0.25462962962962965
0 0.8268229166666666 0.42453703703703705 0.1171875 0.2212962962962963
0 0.9338541666666667 0.3962962962962963 0.109375 0.2
0 0.09114583333333333 0.39675925925925926 0.07916666666666666 0.2675925925925926
0 0.3578125 0.6902777777777778 0.13020833333333334 0.30648148148148147
0 0.48203125 0.6791666666666667 0.1234375 0.25092592592592594
0 0.6015625 0.674074074074074 0.121875 0.21851851851851853
0 0.73984375 0.6680555555555555 0.1703125 0.20092592592592592
0 0.8875 0.6342592592592593 0.15 0.1962962962962963
0 0.2578125 0.6527777777777778 0.1 0.21296296296296297
0 0.19114583333333332 0.6657407407407407 0.078125 0.2351851851851852