0 0.32734375 0.3972222222222222 0.1234375 0.25
0 0.57890625 0.39444444444444443 0.11822916666666666 0.2462962962962963
0 0.7135416666666666 0.3819444444444444 0.12708333333333333 0.25092592592592594
0 0.81484375 0.34953703703703703 0.09322916666666667 0.20277777777777778
0 0.22604166666666667 0.3814814814814815 0.08125 0.2574074074074074
0 0.44244791666666666 0.5638888888888889 0.09427083333333333 0.21666666666666667
0 0.53125 0.5509259259259259 0.08958333333333333 0.20185185185185187
0 0.7106770833333333 0.5657407407407408 0.10364583333333334 0.18518518518518517
0 0.8033854166666666 0.5138888888888888 0.08697916666666666 0.21851851851851853
0 0.8729166666666667 0.36898148148148147 0.03854166666666667 0.14351851851851852
0 0.9247395833333333 0.3625 0.07552083333333333 0.175
0 0.36796875 0.5425925925925926 0.0828125 0.21666666666666667
0 0.28880208333333335 0.5824074074074074 0.0953125 0.24259259259259258
0 0.171875 0.3888888888888889 0.029166666666666667 0.16296296296296298
0 0.21901041666666668 0.5699074074074074 0.05260416666666667 0.14166666666666666
0 0.8591145833333333 0.4925925925925926 0.0453125 0.10740740740740741