0 0.3346354166666667 0.4023148148148148 0.1515625 0.28425925925925927
0 0.47604166666666664 0.4236111111111111 0.13020833333333334 0.24351851851851852
0 0.62265625 0.425 0.1640625 0.28703703703703703
0 0.7807291666666667 0.41388888888888886 0.15208333333333332 0.3148148148148148
0 0.8822916666666667 0.42824074074074076 0.058333333333333334 0.21944444444444444
0 0.9440104166666666 0.40046296296296297 0.07239583333333334 0.25833333333333336
0 0.234375 0.4388888888888889 0.10208333333333333 0.2074074074074074
0 0.14244791666666667 0.45 0.09947916666666666 0.17592592592592593
0 0.16640625 0.6032407407407407 0.09635416666666667 0.16203703703703703
0 0.26901041666666664 0.6606481481481481 0.13697916666666668 0.25277777777777777
0 0.3997395833333333 0.6782407407407407 0.13385416666666666 0.2953703703703704
0 0.5216145833333333 0.6527777777777778 0.11822916666666666 0.2814814814814815
0 0.6330729166666667 0.6842592592592592 0.10677083333333333 0.24814814814814815
0 0.73125 0.6652777777777777 0.1 0.26944444444444443
0 0.8138020833333334 0.6657407407407407 0.08177083333333333 0.22592592592592592
0 0.88828125 0.6648148148148149 0.0734375 0.2611111111111111
0 0.06796875 0.5597222222222222 0.13489583333333333 0.15462962962962962
0 0.04635416666666667 0.4185185185185185 0.09166666666666666 0.1685185185185185
0 0.9390625 0.6157407407407407 0.04375 0.22962962962962963