0 0.39010416666666664 0.837037037037037 0.109375 0.21296296296296297
0 0.49947916666666664 0.8384259259259259 0.12083333333333333 0.2101851851851852
0 0.6166666666666667 0.8245370370370371 0.115625 0.23796296296296296
0 0.7255208333333333 0.7953703703703704 0.10520833333333333 0.2537037037037037
0 0.2830729166666667 0.8060185185185185 0.1109375 0.22685185185185186
0 0.18489583333333334 0.7615740740740741 0.10416666666666667 0.18796296296296297
0 0.81484375 0.7449074074074075 0.1328125 0.23055555555555557
0 0.83671875 0.4726851851851852 0.10052083333333334 0.22870370370370371
0 0.7239583333333334 0.500462962962963 0.128125 0.23796296296296296
0 0.2484375 0.4925925925925926 0.12083333333333333 0.23703703703703705
0 0.3958333333333333 0.5268518518518519 0.190625 0.28703703703703703
0 0.578125 0.5212962962962963 0.19270833333333334 0.30185185185185187
0 0.15078125 0.4925925925925926 0.0921875 0.23333333333333334