0 0.68359375 0.42453703703703705 0.09010416666666667 0.18055555555555555
0 0.4390625 0.43703703703703706 0.13020833333333334 0.17592592592592593
0 0.6278645833333333 0.6055555555555555 0.08802083333333334 0.18888888888888888
0 0.7088541666666667 0.6083333333333333 0.071875 0.19444444444444445
0 0.571875 0.4439814814814815 0.13020833333333334 0.17685185185185184
0 0.7661458333333333 0.40324074074074073 0.08020833333333334 0.19166666666666668
0 0.3328125 0.4203703703703704 0.08333333333333333 0.16111111111111112
0 0.37916666666666665 0.5851851851851851 0.07708333333333334 0.19074074074074074
0 0.7768229166666667 0.5740740740740741 0.07447916666666667 0.1574074074074074
0 0.4630208333333333 0.6027777777777777 0.07708333333333334 0.16296296296296298
0 0.5434895833333333 0.6087962962962963 0.07760416666666667 0.16574074074074074
0 0.30520833333333336 0.5782407407407407 0.071875 0.19907407407407407
0 0.2546875 0.3902777777777778 0.075 0.17314814814814813
0 0.82734375 0.4046296296296296 0.05364583333333333 0.15
0 0.24947916666666667 0.5453703703703704 0.065625 0.1425925925925926