0 0.43697916666666664 0.6083333333333333 0.146875 0.40925925925925927
0 0.5817708333333333 0.5925925925925926 0.140625 0.4444444444444444
0 0.696875 0.5560185185185185 0.09895833333333333 0.42314814814814816
0 0.7859375 0.49027777777777776 0.08958333333333333 0.4675925925925926
0 0.8533854166666667 0.45416666666666666 0.058854166666666666 0.36203703703703705
0 0.3111979166666667 0.5462962962962963 0.11197916666666667 0.42777777777777776
0 0.2171875 0.49074074074074076 0.08541666666666667 0.43148148148148147
0 0.14427083333333332 0.4050925925925926 0.06458333333333334 0.32314814814814813
0 0.09270833333333334 0.33194444444444443 0.05416666666666667 0.2935185185185185
0 0.04348958333333333 0.26064814814814813 0.050520833333333334 0.2824074074074074
0 0.8981770833333333 0.38842592592592595 0.04010416666666667 0.2972222222222222