0 0.46328125 0.4842592592592593 0.13072916666666667 0.2759259259259259
0 0.5880208333333333 0.48009259259259257 0.12708333333333333 0.2972222222222222
0 0.684375 0.4810185185185185 0.090625 0.2361111111111111
0 0.35208333333333336 0.4759259259259259 0.09791666666666667 0.25
0 0.27786458333333336 0.4532407407407407 0.05572916666666667 0.1935185185185185
0 0.22447916666666667 0.42824074074074076 0.06354166666666666 0.1175925925925926
0 0.75703125 0.4708333333333333 0.06197916666666667 0.1712962962962963
0 0.2643229166666667 0.5675925925925925 0.0734375 0.1388888888888889
0 0.40703125 0.6328703703703704 0.0796875 0.08796296296296297
0 0.5419270833333333 0.6513888888888889 0.0578125 0.0824074074074074
0 0.6028645833333334 0.6467592592592593 0.08697916666666666 0.06944444444444445