0 0.22916666666666666 0.4462962962962963 0.15833333333333333 0.30185185185185187
0 0.36953125 0.4546296296296296 0.12135416666666667 0.26481481481481484
0 0.490625 0.4722222222222222 0.128125 0.29074074074074074
0 0.5919270833333333 0.5101851851851852 0.10260416666666666 0.22777777777777777
0 0.68046875 0.5347222222222222 0.0796875 0.18981481481481483
0 0.7690104166666667 0.5180555555555556 0.1203125 0.19166666666666668
0 0.8703125 0.48935185185185187 0.09166666666666666 0.17685185185185184
0 0.08203125 0.45046296296296295 0.13697916666666668 0.287962962962963
0 0.29609375 0.6592592592592592 0.10677083333333333 0.26666666666666666
0 0.3997395833333333 0.6837962962962963 0.11822916666666666 0.287962962962963
0 0.5096354166666667 0.6842592592592592 0.10364583333333334 0.24074074074074073
0 0.6059895833333333 0.6759259259259259 0.08802083333333334 0.16111111111111112
0 0.7229166666666667 0.6842592592592592 0.140625 0.17777777777777778
0 0.19557291666666668 0.6754629629629629 0.09739583333333333 0.19166666666666668
0 0.10625 0.6777777777777778 0.08229166666666667 0.17407407407407408
0 0.8528645833333334 0.6356481481481482 0.11822916666666666 0.1675925925925926