0 0.41484375 0.27685185185185185 0.17552083333333332 0.37592592592592594
0 0.5885416666666666 0.2861111111111111 0.17083333333333334 0.3592592592592593
0 0.7158854166666667 0.3125 0.10052083333333334 0.3138888888888889
0 0.2786458333333333 0.30185185185185187 0.103125 0.30185185185185187
0 0.19505208333333332 0.3453703703703704 0.08489583333333334 0.3296296296296296
0 0.3502604166666667 0.7787037037037037 0.10885416666666667 0.24074074074074073
0 0.55078125 0.7888888888888889 0.1046875 0.24259259259259258
0 0.6481770833333333 0.7907407407407407 0.10572916666666667 0.2537037037037037
0 0.2625 0.8185185185185185 0.0875 0.2833333333333333
0 0.7307291666666667 0.7935185185185185 0.08333333333333333 0.27037037037037037
0 0.7903645833333334 0.7763888888888889 0.0703125 0.2324074074074074
0 0.79375 0.3365740740740741 0.084375 0.3416666666666667
0 0.19088541666666667 0.7773148148148148 0.10260416666666666 0.2101851851851852
0 0.44973958333333336 0.7907407407407407 0.09947916666666666 0.25555555555555554