0 0.4088541666666667 0.5962962962962963 0.21354166666666666 0.6462962962962963
0 0.83515625 0.5462962962962963 0.1734375 0.5981481481481481
0 0.2453125 0.6685185185185185 0.11979166666666667 0.5962962962962963
0 0.9536458333333333 0.5027777777777778 0.090625 0.7592592592592593
0 0.12760416666666666 0.6981481481481482 0.12604166666666666 0.6
0 0.6760416666666667 0.9162037037037037 0.13958333333333334 0.1638888888888889
0 0.5427083333333333 0.9337962962962963 0.13229166666666667 0.1287037037037037
0 0.4083333333333333 0.9569444444444445 0.13541666666666666 0.0824074074074074
0 0.28671875 0.9652777777777778 0.11302083333333333 0.06574074074074074
0 0.04791666666666667 0.7263888888888889 0.08125 0.41944444444444445
0 0.18880208333333334 0.9481481481481482 0.0859375 0.1
0 0.8015625 0.8805555555555555 0.125 0.2351851851851852
0 0.8955729166666667 0.899537037037037 0.10364583333333334 0.19722222222222222