0 0.5807291666666666 0.4074074074074074 0.14375 0.32037037037037036
0 0.4393229166666667 0.40555555555555556 0.14635416666666667 0.31666666666666665
0 0.6911458333333333 0.3912037037037037 0.09375 0.32685185185185184
0 0.725 0.6537037037037037 0.09479166666666666 0.3111111111111111
0 0.31953125 0.43796296296296294 0.10989583333333333 0.25
0 0.3807291666666667 0.6462962962962963 0.10520833333333333 0.2814814814814815
0 0.46328125 0.6435185185185185 0.09947916666666666 0.20555555555555555
0 0.5559895833333334 0.6388888888888888 0.0859375 0.17962962962962964
0 0.64375 0.6467592592592593 0.103125 0.262037037037037
0 0.29921875 0.6597222222222222 0.09114583333333333 0.2490740740740741
0 0.7802083333333333 0.36435185185185187 0.09583333333333334 0.3509259259259259
0 0.22291666666666668 0.425462962962963 0.10104166666666667 0.22685185185185186
0 0.17682291666666666 0.46111111111111114 0.08385416666666666 0.1425925925925926
0 0.79609375 0.6449074074074074 0.0484375 0.2638888888888889
0 0.23151041666666666 0.6180555555555556 0.04739583333333333 0.1824074074074074
0 0.8388020833333333 0.6217592592592592 0.0390625 0.225
0 0.8309895833333333 0.4023148148148148 0.0578125 0.24722222222222223
0 0.19322916666666667 0.6087962962962963 0.053125 0.18425925925925926
0 0.10130208333333333 0.40370370370370373 0.0890625 0.23333333333333334