0 0.4674479166666667 0.3712962962962963 0.14947916666666666 0.16111111111111112
0 0.61484375 0.38055555555555554 0.1390625 0.1574074074074074
0 0.7372395833333333 0.3773148148148148 0.1078125 0.14166666666666666
0 0.8216145833333334 0.38842592592592595 0.0765625 0.14537037037037037
0 0.33541666666666664 0.35833333333333334 0.11458333333333333 0.13703703703703704
0 0.23098958333333333 0.36898148148148147 0.08072916666666667 0.1361111111111111
0 0.32369791666666664 0.4625 0.10364583333333334 0.08981481481481482
0 0.4044270833333333 0.46574074074074073 0.0921875 0.0962962962962963
0 0.49609375 0.48194444444444445 0.09114583333333333 0.0824074074074074
0 0.5838541666666667 0.4791666666666667 0.10208333333333333 0.08796296296296297
0 0.6778645833333333 0.47824074074074074 0.08697916666666666 0.09537037037037037
0 0.7575520833333333 0.47962962962962963 0.08072916666666667 0.07407407407407407
0 0.8903645833333333 0.40046296296296297 0.0859375 0.11944444444444445