0 0.4609375 0.4101851851851852 0.16041666666666668 0.26296296296296295
0 0.6028645833333334 0.375 0.1421875 0.2351851851851852
0 0.7033854166666667 0.3768518518518518 0.07552083333333333 0.20555555555555555
0 0.76796875 0.3236111111111111 0.07760416666666667 0.21944444444444444
0 0.8270833333333333 0.32083333333333336 0.058333333333333334 0.15833333333333333
0 0.33098958333333334 0.45601851851851855 0.11614583333333334 0.18425925925925926
0 0.22317708333333333 0.4634259259259259 0.1046875 0.22870370370370371
0 0.3494791666666667 0.6 0.09479166666666666 0.18888888888888888
0 0.43776041666666665 0.5939814814814814 0.0921875 0.1398148148148148
0 0.5348958333333333 0.586574074074074 0.09166666666666666 0.19166666666666668
0 0.6122395833333333 0.5689814814814815 0.0703125 0.1638888888888889
0 0.7528645833333333 0.5740740740740741 0.11197916666666667 0.23333333333333334
0 0.6736979166666667 0.538425925925926 0.05677083333333333 0.12314814814814815
0 0.2671875 0.5782407407407407 0.052083333333333336 0.1287037037037037
0 0.16432291666666668 0.5032407407407408 0.06197916666666667 0.13796296296296295
0 0.8359375 0.4486111111111111 0.06354166666666666 0.13240740740740742