0 0.43828125 0.37592592592592594 0.10572916666666667 0.19814814814814816
0 0.54375 0.37592592592592594 0.10625 0.2074074074074074
0 0.6265625 0.38425925925925924 0.07395833333333333 0.1537037037037037
0 0.69140625 0.37916666666666665 0.0671875 0.17685185185185184
0 0.7325520833333333 0.36574074074074076 0.027604166666666666 0.12222222222222222
0 0.3515625 0.36944444444444446 0.07916666666666666 0.14814814814814814
0 0.28489583333333335 0.37546296296296294 0.065625 0.13425925925925927
0 0.33255208333333336 0.5199074074074074 0.07552083333333333 0.16018518518518518
0 0.40598958333333335 0.5226851851851851 0.07552083333333333 0.16018518518518518
0 0.4739583333333333 0.5375 0.06041666666666667 0.13796296296296295
0 0.5388020833333333 0.5435185185185185 0.06510416666666667 0.13333333333333333
0 0.5989583333333334 0.5166666666666667 0.05625 0.12222222222222222
0 0.6591145833333333 0.5087962962962963 0.05677083333333333 0.15092592592592594