0 0.1234375 0.2439814814814815 0.16041666666666668 0.23055555555555557
0 0.159375 0.44305555555555554 0.17291666666666666 0.24351851851851852
0 0.18880208333333334 0.6087962962962963 0.1265625 0.1712962962962963
0 0.22395833333333334 0.7421296296296296 0.125 0.175
0 0.28020833333333334 0.8606481481481482 0.103125 0.15092592592592594
0 0.3533854166666667 0.9013888888888889 0.09322916666666667 0.14166666666666666
0 0.83046875 0.2101851851851852 0.15677083333333333 0.23703703703703705
0 0.7895833333333333 0.412962962962963 0.16354166666666667 0.2388888888888889
0 0.7588541666666667 0.5847222222222223 0.125 0.16944444444444445
0 0.721875 0.7226851851851852 0.1125 0.1712962962962963
0 0.6643229166666667 0.8462962962962963 0.10677083333333333 0.15555555555555556
0 0.5880208333333333 0.9 0.09583333333333334 0.13703703703703704
0 0.5127604166666667 0.9175925925925926 0.08177083333333333 0.12407407407407407
0 0.43463541666666666 0.9203703703703704 0.08385416666666666 0.1259259259259259