0 0.6135416666666667 0.275 0.2125 0.2518518518518518
0 0.4049479166666667 0.2726851851851852 0.2046875 0.2601851851851852
0 0.4591145833333333 0.4888888888888889 0.12552083333333333 0.22592592592592592
0 0.5856770833333333 0.4875 0.12864583333333332 0.1935185185185185
0 0.7088541666666667 0.4587962962962963 0.134375 0.2064814814814815
0 0.3385416666666667 0.4537037037037037 0.13020833333333334 0.20555555555555555
0 0.22317708333333333 0.44166666666666665 0.11927083333333334 0.23148148148148148
0 0.16979166666666667 0.28425925925925927 0.08541666666666667 0.2074074074074074
0 0.8158854166666667 0.45925925925925926 0.11197916666666667 0.24259259259259258
0 0.8723958333333334 0.2861111111111111 0.08958333333333333 0.20555555555555555
0 0.9296875 0.30185185185185187 0.05520833333333333 0.16666666666666666
0 0.8950520833333333 0.4439814814814815 0.0703125 0.16944444444444445
0 0.10911458333333333 0.2759259259259259 0.05677083333333333 0.1648148148148148
0 0.140625 0.425462962962963 0.059375 0.16018518518518518
0 0.9739583333333334 0.28703703703703703 0.05 0.15185185185185185
0 0.22942708333333334 0.7606481481481482 0.1203125 0.1527777777777778
0 0.11744791666666667 0.7550925925925925 0.10572916666666667 0.1361111111111111
0 0.7921875 0.7861111111111111 0.10520833333333333 0.1574074074074074
0 0.8859375 0.7888888888888889 0.08854166666666667 0.12777777777777777
0 0.27109375 0.8925925925925926 0.1078125 0.1648148148148148
0 0.16744791666666667 0.8791666666666667 0.10572916666666667 0.13796296296296295
0 0.07213541666666666 0.8472222222222222 0.10260416666666666 0.10925925925925926
0 0.3671875 0.8916666666666667 0.08541666666666667 0.14629629629629629
0 0.43307291666666664 0.9101851851851852 0.06927083333333334 0.14814814814814814
0 0.5825520833333333 0.7768518518518519 0.14635416666666667 0.1648148148148148
0 0.7552083333333334 0.9101851851851852 0.103125 0.1685185185185185
0 0.84609375 0.8916666666666667 0.09635416666666667 0.1425925925925926
0 0.940625 0.8689814814814815 0.11666666666666667 0.11574074074074074
0 0.6635416666666667 0.9023148148148148 0.08958333333333333 0.14166666666666666
0 0.4421875 0.7587962962962963 0.13333333333333333 0.1675925925925926
0 0.33541666666666664 0.7583333333333333 0.09479166666666666 0.1388888888888889
0 0.259375 0.2722222222222222 0.103125 0.19814814814814816
0 0.775 0.27685185185185185 0.11770833333333333 0.20555555555555555
0 0.6890625 0.7805555555555556 0.10104166666666667 0.13518518518518519
0 0.5802083333333333 0.9152777777777777 0.08645833333333333 0.11574074074074074
0 0.5315104166666667 0.9125 0.0609375 0.13796296296296295
0 0.4828125 0.9055555555555556 0.05 0.11666666666666667