0 0.3359375 0.1824074074074074 0.09270833333333334 0.1537037037037037
0 0.42213541666666665 0.15231481481481482 0.0890625 0.15462962962962962
0 0.5119791666666667 0.14166666666666666 0.09583333333333334 0.1648148148148148
0 0.5942708333333333 0.1412037037037037 0.1125 0.1638888888888889
0 0.40859375 0.5972222222222222 0.15364583333333334 0.20925925925925926
0 0.5604166666666667 0.5921296296296297 0.15416666666666667 0.21944444444444444
0 0.6880208333333333 0.5842592592592593 0.11145833333333334 0.16111111111111112
0 0.2872395833333333 0.6148148148148148 0.1140625 0.16666666666666666
0 0.19557291666666668 0.6259259259259259 0.08489583333333334 0.17962962962962964
0 0.14661458333333333 0.5986111111111111 0.033854166666666664 0.12314814814814815
0 0.77734375 0.575 0.0703125 0.17777777777777778
0 0.6799479166666667 0.11527777777777778 0.08697916666666666 0.18425925925925926
0 0.25 0.17777777777777778 0.08958333333333333 0.17592592592592593
0 0.18020833333333333 0.2064814814814815 0.10416666666666667 0.15185185185185185
0 0.7078125 0.17083333333333334 0.11354166666666667 0.13425925925925927
0 0.16015625 0.3384259259259259 0.1578125 0.11574074074074074