0 0.5692708333333333 0.4537037037037037 0.12916666666666668 0.3
0 0.45286458333333335 0.45092592592592595 0.1109375 0.2796296296296296
0 0.6549479166666666 0.43472222222222223 0.0890625 0.262037037037037
0 0.7244791666666667 0.42685185185185187 0.08541666666666667 0.2833333333333333
0 0.35833333333333334 0.43796296296296294 0.09270833333333334 0.2388888888888889
0 0.2908854166666667 0.41944444444444445 0.059895833333333336 0.24074074074074073
0 0.2578125 0.4337962962962963 0.041666666666666664 0.23055555555555557
0 0.6947916666666667 0.6416666666666667 0.07916666666666666 0.1962962962962963
0 0.6369791666666667 0.625 0.07291666666666667 0.12407407407407407
0 0.5763020833333333 0.6300925925925925 0.05572916666666667 0.06574074074074074
0 0.51171875 0.6291666666666667 0.0484375 0.0787037037037037
0 0.44973958333333336 0.6226851851851852 0.06197916666666667 0.0787037037037037
0 0.38229166666666664 0.5745370370370371 0.06041666666666667 0.125
0 0.7630208333333334 0.49212962962962964 0.0375 0.1712962962962963