0 0.63671875 0.425 0.14427083333333332 0.2037037037037037
0 0.49453125 0.4273148148148148 0.14010416666666667 0.2064814814814815
0 0.37890625 0.44722222222222224 0.09947916666666666 0.20185185185185187
0 0.43828125 0.5935185185185186 0.0828125 0.13703703703703704
0 0.5315104166666667 0.6050925925925926 0.08177083333333333 0.16574074074074074
0 0.6286458333333333 0.6078703703703704 0.084375 0.16018518518518518
0 0.7184895833333333 0.600462962962963 0.1015625 0.15648148148148147
0 0.79921875 0.5976851851851852 0.06822916666666666 0.18055555555555555
0 0.7541666666666667 0.43425925925925923 0.1 0.17777777777777778
0 0.8453125 0.44351851851851853 0.08541666666666667 0.16296296296296298
0 0.29635416666666664 0.45787037037037037 0.075 0.17314814814814813
0 0.3606770833333333 0.6171296296296296 0.0703125 0.14537037037037037