0 0.5247395833333334 0.46805555555555556 0.12864583333333332 0.21388888888888888
0 0.6299479166666667 0.46296296296296297 0.10572916666666667 0.1685185185185185
0 0.37734375 0.45601851851851855 0.12760416666666666 0.2564814814814815
0 0.28229166666666666 0.48703703703703705 0.08854166666666667 0.19444444444444445
0 0.6479166666666667 0.638425925925926 0.07708333333333334 0.2101851851851852
0 0.5776041666666667 0.6166666666666667 0.08645833333333333 0.1685185185185185
0 0.49947916666666664 0.6314814814814815 0.07916666666666666 0.15185185185185185
0 0.4200520833333333 0.6425925925925926 0.08697916666666666 0.1962962962962963
0 0.3502604166666667 0.6273148148148148 0.0703125 0.09907407407407408
0 0.284375 0.637962962962963 0.06770833333333333 0.12222222222222222
0 0.7072916666666667 0.4671296296296296 0.075 0.1787037037037037
0 0.7111979166666667 0.5981481481481481 0.0546875 0.12037037037037036
0 0.20546875 0.4828703703703704 0.08802083333333334 0.19537037037037036
0 0.22604166666666667 0.6152777777777778 0.053125 0.08425925925925926
0 0.15520833333333334 0.4847222222222222 0.04375 0.14166666666666666