0 0.35 0.44027777777777777 0.075 0.15833333333333333
0 0.43854166666666666 0.4537037037037037 0.10625 0.17592592592592593
0 0.5497395833333333 0.4546296296296296 0.11614583333333334 0.1814814814814815
0 0.6401041666666667 0.44814814814814813 0.07083333333333333 0.15185185185185185
0 0.7096354166666666 0.42824074074074076 0.06822916666666666 0.1675925925925926
0 0.7627604166666667 0.41898148148148145 0.05364583333333333 0.12685185185185185
0 0.28802083333333334 0.4273148148148148 0.06041666666666667 0.1675925925925926
0 0.22942708333333334 0.4152777777777778 0.0734375 0.1175925925925926
0 0.4005208333333333 0.5768518518518518 0.0625 0.13148148148148148
0 0.4635416666666667 0.5930555555555556 0.06666666666666667 0.12129629629629629
0 0.5325520833333334 0.5995370370370371 0.0703125 0.13055555555555556
0 0.5994791666666667 0.5902777777777778 0.065625 0.13796296296296295
0 0.6619791666666667 0.5740740740740741 0.06875 0.1537037037037037
0 0.72578125 0.5606481481481481 0.058854166666666666 0.10648148148148148
0 0.34296875 0.5606481481481481 0.06197916666666667 0.14351851851851852