0 0.40520833333333334 0.42453703703703705 0.16875 0.41574074074074074
0 0.5682291666666667 0.4217592592592593 0.16354166666666667 0.41944444444444445
0 0.690625 0.40694444444444444 0.08229166666666667 0.28055555555555556
0 0.7739583333333333 0.36157407407407405 0.090625 0.29907407407407405
0 0.8364583333333333 0.3263888888888889 0.058333333333333334 0.21388888888888888
0 0.2833333333333333 0.37824074074074077 0.08333333333333333 0.287962962962963
0 0.20833333333333334 0.33194444444444443 0.071875 0.3101851851851852
0 0.16354166666666667 0.2953703703703704 0.04583333333333333 0.22962962962962963
0 0.5427083333333333 0.6805555555555556 0.09791666666666667 0.16666666666666666
0 0.4453125 0.6791666666666667 0.10208333333333333 0.18796296296296297
0 0.6354166666666666 0.6458333333333334 0.096875 0.20277777777777778
0 0.3528645833333333 0.6277777777777778 0.09322916666666667 0.21666666666666667
0 0.2791666666666667 0.5921296296296297 0.06770833333333333 0.16018518518518518
0 0.7153645833333333 0.6162037037037037 0.08489583333333334 0.18981481481481483