0 0.5559895833333334 0.44722222222222224 0.10260416666666666 0.15185185185185185
0 0.6471354166666666 0.46064814814814814 0.08489583333333334 0.1175925925925926
0 0.3455729166666667 0.4740740740740741 0.059895833333333336 0.1388888888888889
0 0.28671875 0.4638888888888889 0.0640625 0.1537037037037037
0 0.7075520833333333 0.45092592592592595 0.05677083333333333 0.1425925925925926
0 0.47630208333333335 0.549074074074074 0.07760416666666667 0.10185185185185185
0 0.55078125 0.5462962962962963 0.07239583333333334 0.10555555555555556
0 0.6299479166666667 0.5365740740740741 0.0640625 0.09166666666666666
0 0.3997395833333333 0.5504629629629629 0.0796875 0.10462962962962963
0 0.7486979166666666 0.4375 0.0453125 0.1175925925925926
0 0.24661458333333333 0.45601851851851855 0.0390625 0.1175925925925926
0 0.3375 0.5546296296296296 0.052083333333333336 0.07592592592592592
0 0.4296875 0.45787037037037037 0.10625 0.1287037037037037