0 0.79765625 0.3486111111111111 0.15364583333333334 0.2601851851851852
0 0.8473958333333333 0.11574074074074074 0.14791666666666667 0.22962962962962963
0 0.13671875 0.11851851851851852 0.14635416666666667 0.2351851851851852
0 0.18046875 0.3509259259259259 0.15364583333333334 0.2777777777777778
0 0.23255208333333333 0.5231481481481481 0.12135416666666667 0.1925925925925926
0 0.2596354166666667 0.6833333333333333 0.0984375 0.18518518518518517
0 0.31484375 0.8101851851851852 0.09635416666666667 0.17592592592592593
0 0.38229166666666664 0.8768518518518519 0.08645833333333333 0.17222222222222222
0 0.6705729166666666 0.8194444444444444 0.1015625 0.1685185185185185
0 0.7229166666666667 0.6893518518518519 0.096875 0.1824074074074074
0 0.7505208333333333 0.525 0.121875 0.19444444444444445
0 0.6026041666666667 0.875462962962963 0.0875 0.15648148148148147
0 0.5268229166666667 0.9050925925925926 0.07552083333333333 0.14907407407407408
0 0.45703125 0.8958333333333334 0.07239583333333334 0.15092592592592594